0.031250 0.031250 -0.001953
0.031250 0.062500 0.093085
0.031250 0.093750 0.185227
0.031250 0.125000 0.273540
0.031250 0.156250 0.357109
0.031250 0.187500 0.435044
0.031250 0.218750 0.506494
0.031250 0.250000 0.570647
0.031250 0.281250 0.626747
0.031250 0.312500 0.674093
0.031250 0.343750 0.712052
0.031250 0.375000 0.740061
0.031250 0.406250 0.757635
0.031250 0.437500 0.764370
0.031250 0.468750 0.759946
0.031250 0.500000 0.744135
0.031250 0.531250 0.716797
0.031250 0.562500 0.677884
0.031250 0.593750 0.627444
0.031250 0.625000 0.565613
0.031250 0.656250 0.492619
0.031250 0.687500 0.408781
0.031250 0.718750 0.314499
0.031250 0.750000 0.210260
0.031250 0.781250 0.096623
0.031250 0.812500 -0.025778
0.031250 0.843750 -0.156245
0.031250 0.875000 -0.294020
0.031250 0.906250 -0.438295
0.031250 0.937500 -0.588217
0.031250 0.968750 -0.742899

0.062500 0.031250 0.094670
0.062500 0.062500 -0.006220
0.062500 0.093750 -0.109078
0.062500 0.125000 -0.212962
0.062500 0.156250 -0.316938
0.062500 0.187500 -0.420090
0.062500 0.218750 -0.521530
0.062500 0.250000 -0.620403
0.062500 0.281250 -0.715899
0.062500 0.312500 -0.807260
0.062500 0.343750 -0.893785
0.062500 0.375000 -0.974838
0.062500 0.406250 -1.049856
0.062500 0.437500 -1.118352
0.062500 0.468750 -1.179921
0.062500 0.500000 -1.234242
0.062500 0.531250 -1.281086
0.062500 0.562500 -1.320310
0.062500 0.593750 -1.351866
0.062500 0.625000 -1.375799
0.062500 0.656250 -1.392244
0.062500 0.687500 -1.401429
0.062500 0.718750 -1.403669
0.062500 0.750000 -1.399366
0.062500 0.781250 -1.389002
0.062500 0.812500 -1.373137
0.062500 0.843750 -1.352404
0.062500 0.875000 -1.327499
0.062500 0.906250 -1.299180
0.062500 0.937500 -1.268253
0.062500 0.968750 -1.235571

0.093750 0.031250 -0.207881
0.093750 0.062500 -0.113832
0.093750 0.093750 -0.020763
0.093750 0.125000 0.070383
0.093750 0.156250 0.158664
0.093750 0.187500 0.243147
0.093750 0.218750 0.322914
0.093750 0.250000 0.397076
0.093750 0.281250 0.464779
0.093750 0.312500 0.525212
0.093750 0.343750 0.577615
0.093750 0.375000 0.621286
0.093750 0.406250 0.655590
0.093750 0.437500 0.679960
0.093750 0.468750 0.693910
0.093750 0.500000 0.697032
0.093750 0.531250 0.689005
0.093750 0.562500 0.669596
0.093750 0.593750 0.638664
0.093750 0.625000 0.596158
0.093750 0.656250 0.542120
0.093750 0.687500 0.476686
0.093750 0.718750 0.400081
0.093750 0.750000 0.312619
0.093750 0.781250 0.214699
0.093750 0.812500 0.106805
0.093750 0.843750 -0.010506
0.093750 0.875000 -0.136603
0.093750 0.906250 -0.270789
0.093750 0.937500 -0.412309
0.093750 0.968750 -0.560356

0.125000 0.031250 0.278109
0.125000 0.062500 0.180145
0.125000 0.093750 0.078307
0.125000 0.125000 -0.026472
0.125000 0.156250 -0.133251
0.125000 0.187500 -0.241085
0.125000 0.218750 -0.349043
0.125000 0.250000 -0.456206
0.125000 0.281250 -0.561684
0.125000 0.312500 -0.664623
0.125000 0.343750 -0.764211
0.125000 0.375000 -0.859687
0.125000 0.406250 -0.950349
0.125000 0.437500 -1.035558
0.125000 0.468750 -1.114750
0.125000 0.500000 -1.187434
0.125000 0.531250 -1.253203
0.125000 0.562500 -1.311734
0.125000 0.593750 -1.362792
0.125000 0.625000 -1.406234
0.125000 0.656250 -1.442009
0.125000 0.687500 -1.470158
0.125000 0.718750 -1.490813
0.125000 0.750000 -1.504198
0.125000 0.781250 -1.510628
0.125000 0.812500 -1.510499
0.125000 0.843750 -1.504293
0.125000 0.875000 -1.492567
0.125000 0.906250 -1.475951
0.125000 0.937500 -1.455140
0.125000 0.968750 -1.430888

0.156250 0.031250 -0.413768
0.156250 0.062500 -0.324553
0.156250 0.093750 -0.234440
0.156250 0.125000 -0.144345
0.156250 0.156250 -0.055199
0.156250 0.187500 0.032055
0.156250 0.218750 0.116475
0.156250 0.250000 0.197125
0.156250 0.281250 0.273090
0.156250 0.312500 0.343478
0.156250 0.343750 0.407435
0.156250 0.375000 0.464146
0.156250 0.406250 0.512851
0.156250 0.437500 0.552847
0.156250 0.468750 0.583494
0.156250 0.500000 0.604225
0.156250 0.531250 0.614550
0.156250 0.562500 0.614059
0.156250 0.593750 0.602429
0.156250 0.625000 0.579423
0.156250 0.656250 0.544896
0.156250 0.687500 0.498796
0.156250 0.718750 0.441161
0.156250 0.750000 0.372124
0.156250 0.781250 0.291908
0.156250 0.812500 0.200822
0.156250 0.843750 0.099266
0.156250 0.875000 -0.012283
0.156250 0.906250 -0.133267
0.156250 0.937500 -0.263059
0.156250 0.968750 -0.400964

0.187500 0.031250 0.442053
0.187500 0.062500 0.350782
0.187500 0.093750 0.253808
0.187500 0.125000 0.152016
0.187500 0.156250 0.046319
0.187500 0.187500 -0.062349
0.187500 0.218750 -0.173047
0.187500 0.250000 -0.284832
0.187500 0.281250 -0.396770
0.187500 0.312500 -0.507942
0.187500 0.343750 -0.617459
0.187500 0.375000 -0.724463
0.187500 0.406250 -0.828142
0.187500 0.437500 -0.927732
0.187500 0.468750 -1.022530
0.187500 0.500000 -1.111895
0.187500 0.531250 -1.195260
0.187500 0.562500 -1.272132
0.187500 0.593750 -1.342101
0.187500 0.625000 -1.404840
0.187500 0.656250 -1.460114
0.187500 0.687500 -1.507774
0.187500 0.718750 -1.547767
0.187500 0.750000 -1.580131
0.187500 0.781250 -1.604996
0.187500 0.812500 -1.622583
0.187500 0.843750 -1.633202
0.187500 0.875000 -1.637249
0.187500 0.906250 -1.635202
0.187500 0.937500 -1.627615
0.187500 0.968750 -1.615117

0.218750 0.031250 -0.612072
0.218750 0.062500 -0.531342
0.218750 0.093750 -0.447952
0.218750 0.125000 -0.362750
0.218750 0.156250 -0.276622
0.218750 0.187500 -0.190481
0.218750 0.218750 -0.105259
0.218750 0.250000 -0.021898
0.218750 0.281250 0.058658
0.218750 0.312500 0.135476
0.218750 0.343750 0.207637
0.218750 0.375000 0.274251
0.218750 0.406250 0.334459
0.218750 0.437500 0.387448
0.218750 0.468750 0.432455
0.218750 0.500000 0.468774
0.218750 0.531250 0.495764
0.218750 0.562500 0.512856
0.218750 0.593750 0.519556
0.218750 0.625000 0.515452
0.218750 0.656250 0.500218
0.218750 0.687500 0.473614
0.218750 0.718750 0.435493
0.218750 0.750000 0.385799
0.218750 0.781250 0.324568
0.218750 0.812500 0.251928
0.218750 0.843750 0.168100
0.218750 0.875000 0.073392
0.218750 0.906250 -0.031801
0.218750 0.937500 -0.147003
0.218750 0.968750 -0.271661

0.250000 0.031250 0.579228
0.250000 0.062500 0.498153
0.250000 0.093750 0.409692
0.250000 0.125000 0.314651
0.250000 0.156250 0.213878
0.250000 0.187500 0.108259
0.250000 0.218750 -0.001295
0.250000 0.250000 -0.113852
0.250000 0.281250 -0.228468
0.250000 0.312500 -0.344202
0.250000 0.343750 -0.460119
0.250000 0.375000 -0.575300
0.250000 0.406250 -0.688854
0.250000 0.437500 -0.799922
0.250000 0.468750 -0.907691
0.250000 0.500000 -1.011395
0.250000 0.531250 -1.110328
0.250000 0.562500 -1.203849
0.250000 0.593750 -1.291387
0.250000 0.625000 -1.372446
0.250000 0.656250 -1.446614
0.250000 0.687500 -1.513562
0.250000 0.718750 -1.573050
0.250000 0.750000 -1.624929
0.250000 0.781250 -1.669140
0.250000 0.812500 -1.705720
0.250000 0.843750 -1.734795
0.250000 0.875000 -1.756584
0.250000 0.906250 -1.771393
0.250000 0.937500 -1.779616
0.250000 0.968750 -1.781727

0.281250 0.031250 -0.795859
0.281250 0.062500 -0.726932
0.281250 0.093750 -0.653763
0.281250 0.125000 -0.577104
0.281250 0.156250 -0.497756
0.281250 0.187500 -0.416569
0.281250 0.218750 -0.334426
0.281250 0.250000 -0.252241
0.281250 0.281250 -0.170944
0.281250 0.312500 -0.091478
0.281250 0.343750 -0.014785
0.281250 0.375000 0.058199
0.281250 0.406250 0.126556
0.281250 0.437500 0.189393
0.281250 0.468750 0.245853
0.281250 0.500000 0.295119
0.281250 0.531250 0.336427
0.281250 0.562500 0.369069
0.281250 0.593750 0.392401
0.281250 0.625000 0.405853
0.281250 0.656250 0.408927
0.281250 0.687500 0.401210
0.281250 0.718750 0.382372
0.281250 0.750000 0.352171
0.281250 0.781250 0.310455
0.281250 0.812500 0.257167
0.281250 0.843750 0.192339
0.281250 0.875000 0.116097
0.281250 0.906250 0.028658
0.281250 0.937500 -0.069672
0.281250 0.968750 -0.178501

0.312500 0.031250 0.683112
0.312500 0.062500 0.615329
0.312500 0.093750 0.538697
0.312500 0.125000 0.453904
0.312500 0.156250 0.361701
0.312500 0.187500 0.262891
0.312500 0.218750 0.158321
0.312500 0.250000 0.048875
0.312500 0.281250 -0.064536
0.312500 0.312500 -0.180979
0.312500 0.343750 -0.299513
0.312500 0.375000 -0.419196
0.312500 0.406250 -0.539090
0.312500 0.437500 -0.658279
0.312500 0.468750 -0.775869
0.312500 0.500000 -0.891001
0.312500 0.531250 -1.002859
0.312500 0.562500 -1.110676
0.312500 0.593750 -1.213744
0.312500 0.625000 -1.311420
0.312500 0.656250 -1.403129
0.312500 0.687500 -1.488375
0.312500 0.718750 -1.566742
0.312500 0.750000 -1.637899
0.312500 0.781250 -1.701601
0.312500 0.812500 -1.757698
0.312500 0.843750 -1.806128
0.312500 0.875000 -1.846924
0.312500 0.906250 -1.880209
0.312500 0.937500 -1.906200
0.312500 0.968750 -1.925199

0.343750 0.031250 -0.959083
0.343750 0.062500 -0.904807
0.343750 0.093750 -0.844954
0.343750 0.125000 -0.780147
0.343750 0.156250 -0.711074
0.343750 0.187500 -0.638485
0.343750 0.218750 -0.563181
0.343750 0.250000 -0.486010
0.343750 0.281250 -0.407854
0.343750 0.312500 -0.329625
0.343750 0.343750 -0.252254
0.343750 0.375000 -0.176683
0.343750 0.406250 -0.103855
0.343750 0.437500 -0.034706
0.343750 0.468750 0.029846
0.343750 0.500000 0.088906
0.343750 0.531250 0.141616
0.343750 0.562500 0.187159
0.343750 0.593750 0.224767
0.343750 0.625000 0.253730
0.343750 0.656250 0.273405
0.343750 0.687500 0.283216
0.343750 0.718750 0.282665
0.343750 0.750000 0.271334
0.343750 0.781250 0.248891
0.343750 0.812500 0.215092
0.343750 0.843750 0.169782
0.343750 0.875000 0.112900
0.343750 0.906250 0.044475
0.343750 0.937500 -0.035369
0.343750 0.968750 -0.126418

0.375000 0.031250 0.748193
0.375000 0.062500 0.696274
0.375000 0.093750 0.634313
0.375000 0.125000 0.562859
0.375000 0.156250 0.482533
0.375000 0.187500 0.394024
0.375000 0.218750 0.298080
0.375000 0.250000 0.195502
0.375000 0.281250 0.087135
0.375000 0.312500 -0.026136
0.375000 0.343750 -0.143402
0.375000 0.375000 -0.263732
0.375000 0.406250 -0.386183
0.375000 0.437500 -0.509812
0.375000 0.468750 -0.633684
0.375000 0.500000 -0.756880
0.375000 0.531250 -0.878505
0.375000 0.562500 -0.997699
0.375000 0.593750 -1.113645
0.375000 0.625000 -1.225574
0.375000 0.656250 -1.332777
0.375000 0.687500 -1.434607
0.375000 0.718750 -1.530488
0.375000 0.750000 -1.619920
0.375000 0.781250 -1.702486
0.375000 0.812500 -1.777850
0.375000 0.843750 -1.845768
0.375000 0.875000 -1.906082
0.375000 0.906250 -1.958731
0.375000 0.937500 -2.003743
0.375000 0.968750 -2.041239

0.406250 0.031250 -1.096822
0.406250 0.062500 -1.059465
0.406250 0.093750 -1.015495
0.406250 0.125000 -0.965379
0.406250 0.156250 -0.909668
0.406250 0.187500 -0.848980
0.406250 0.218750 -0.784004
0.406250 0.250000 -0.715487
0.406250 0.281250 -0.644228
0.406250 0.312500 -0.571073
0.406250 0.343750 -0.496904
0.406250 0.375000 -0.422633
0.406250 0.406250 -0.349189
0.406250 0.437500 -0.277514
0.406250 0.468750 -0.208552
0.406250 0.500000 -0.143239
0.406250 0.531250 -0.082493
0.406250 0.562500 -0.027210
0.406250 0.593750 0.021749
0.406250 0.625000 0.063567
0.406250 0.656250 0.097474
0.406250 0.687500 0.122759
0.406250 0.718750 0.138775
0.406250 0.750000 0.144945
0.406250 0.781250 0.140768
0.406250 0.812500 0.125823
0.406250 0.843750 0.099776
0.406250 0.875000 0.062378
0.406250 0.906250 0.013474
0.406250 0.937500 -0.047003
0.406250 0.968750 -0.119024

0.437500 0.031250 0.770187
0.437500 0.062500 0.736074
0.437500 0.093750 0.691048
0.437500 0.125000 0.635494
0.437500 0.156250 0.569881
0.437500 0.187500 0.494756
0.437500 0.218750 0.410738
0.437500 0.250000 0.318514
0.437500 0.281250 0.218829
0.437500 0.312500 0.112484
0.437500 0.343750 0.000322
0.437500 0.375000 -0.116775
0.437500 0.406250 -0.237895
0.437500 0.437500 -0.362109
0.437500 0.468750 -0.488476
0.437500 0.500000 -0.616052
0.437500 0.531250 -0.743900
0.437500 0.562500 -0.871101
0.437500 0.593750 -0.996761
0.437500 0.625000 -1.120017
0.437500 0.656250 -1.240050
0.437500 0.687500 -1.356091
0.437500 0.718750 -1.467427
0.437500 0.750000 -1.573411
0.437500 0.781250 -1.673463
0.437500 0.812500 -1.767081
0.437500 0.843750 -1.853845
0.437500 0.875000 -1.933417
0.437500 0.906250 -2.005549
0.437500 0.937500 -2.070081
0.437500 0.968750 -2.126949

0.468750 0.031250 -1.205473
0.468750 0.062500 -1.186633
0.468750 0.093750 -1.160481
0.468750 0.125000 -1.127316
0.468750 0.156250 -1.087523
0.468750 0.187500 -1.041569
0.468750 0.218750 -0.989999
0.468750 0.250000 -0.933432
0.468750 0.281250 -0.872554
0.468750 0.312500 -0.808108
0.468750 0.343750 -0.740895
0.468750 0.375000 -0.671757
0.468750 0.406250 -0.601577
0.468750 0.437500 -0.531264
0.468750 0.468750 -0.461748
0.468750 0.500000 -0.393971
0.468750 0.531250 -0.328876
0.468750 0.562500 -0.267399
0.468750 0.593750 -0.210461
0.468750 0.625000 -0.158957
0.468750 0.656250 -0.113748
0.468750 0.687500 -0.075656
0.468750 0.718750 -0.045450
0.468750 0.750000 -0.023844
0.468750 0.781250 -0.011488
0.468750 0.812500 -0.008960
0.468750 0.843750 -0.016764
0.468750 0.875000 -0.035323
0.468750 0.906250 -0.064975
0.468750 0.937500 -0.105971
0.468750 0.968750 -0.158470

0.500000 0.031250 0.746210
0.500000 0.062500 0.731140
0.500000 0.093750 0.704639
0.500000 0.125000 0.666917
0.500000 0.156250 0.618269
0.500000 0.187500 0.559081
0.500000 0.218750 0.489817
0.500000 0.250000 0.411021
0.500000 0.281250 0.323312
0.500000 0.312500 0.227373
0.500000 0.343750 0.123948
0.500000 0.375000 0.013836
0.500000 0.406250 -0.102120
0.500000 0.437500 -0.223040
0.500000 0.468750 -0.348014
0.500000 0.500000 -0.476112
0.500000 0.531250 -0.606394
0.500000 0.562500 -0.737914
0.500000 0.593750 -0.869738
0.500000 0.625000 -1.000944
0.500000 0.656250 -1.130637
0.500000 0.687500 -1.257954
0.500000 0.718750 -1.382074
0.500000 0.750000 -1.502226
0.500000 0.781250 -1.617695
0.500000 0.812500 -1.727831
0.500000 0.843750 -1.832053
0.500000 0.875000 -1.929858
0.500000 0.906250 -2.020819
0.500000 0.937500 -2.104599
0.500000 0.968750 -2.180945

0.531250 0.031250 -1.282898
0.531250 0.062500 -1.283437
0.531250 0.093750 -1.276335
0.531250 0.125000 -1.261705
0.531250 0.156250 -1.239756
0.531250 0.187500 -1.210783
0.531250 0.218750 -1.175168
0.531250 0.250000 -1.133375
0.531250 0.281250 -1.085948
0.531250 0.312500 -1.033503
0.531250 0.343750 -0.976722
0.531250 0.375000 -0.916350
0.531250 0.406250 -0.853183
0.531250 0.437500 -0.788064
0.531250 0.468750 -0.721873
0.531250 0.500000 -0.655519
0.531250 0.531250 -0.589933
0.531250 0.562500 -0.526054
0.531250 0.593750 -0.464827
0.531250 0.625000 -0.407188
0.531250 0.656250 -0.354057
0.531250 0.687500 -0.306333
0.531250 0.718750 -0.264876
0.531250 0.750000 -0.230510
0.531250 0.781250 -0.204006
0.531250 0.812500 -0.186080
0.531250 0.843750 -0.177384
0.531250 0.875000 -0.178498
0.531250 0.906250 -0.189929
0.531250 0.937500 -0.212103
0.531250 0.968750 -0.245361

0.562500 0.031250 0.674889
0.562500 0.062500 0.679342
0.562500 0.093750 0.672225
0.562500 0.125000 0.653558
0.562500 0.156250 0.623457
0.562500 0.187500 0.582125
0.562500 0.218750 0.529857
0.562500 0.250000 0.467034
0.562500 0.281250 0.394119
0.562500 0.312500 0.311654
0.562500 0.343750 0.220254
0.562500 0.375000 0.120601
0.562500 0.406250 0.013438
0.562500 0.437500 -0.100440
0.562500 0.468750 -0.220190
0.562500 0.500000 -0.344933
0.562500 0.531250 -0.473760
0.562500 0.562500 -0.605741
0.562500 0.593750 -0.739935
0.562500 0.625000 -0.875400
0.562500 0.656250 -1.011198
0.562500 0.687500 -1.146409
0.562500 0.718750 -1.280134
0.562500 0.750000 -1.411511
0.562500 0.781250 -1.539717
0.562500 0.812500 -1.663978
0.562500 0.843750 -1.783580
0.562500 0.875000 -1.897868
0.562500 0.906250 -2.006261
0.562500 0.937500 -2.108250
0.562500 0.968750 -2.203409

0.593750 0.031250 -1.328505
0.593750 0.062500 -1.348518
0.593750 0.093750 -1.360940
0.593750 0.125000 -1.365697
0.593750 0.156250 -1.362811
0.593750 0.187500 -1.352393
0.593750 0.218750 -1.334647
0.593750 0.250000 -1.309866
0.593750 0.281250 -1.278429
0.593750 0.312500 -1.240798
0.593750 0.343750 -1.197514
0.593750 0.375000 -1.149191
0.593750 0.406250 -1.096510
0.593750 0.437500 -1.040212
0.593750 0.468750 -0.981092
0.593750 0.500000 -0.919992
0.593750 0.531250 -0.857792
0.593750 0.562500 -0.795399
0.593750 0.593750 -0.733742
0.593750 0.625000 -0.673763
0.593750 0.656250 -0.616404
0.593750 0.687500 -0.562604
0.593750 0.718750 -0.513282
0.593750 0.750000 -0.469338
0.593750 0.781250 -0.431635
0.593750 0.812500 -0.400996
0.593750 0.843750 -0.378195
0.593750 0.875000 -0.363949
0.593750 0.906250 -0.358913
0.593750 0.937500 -0.363670
0.593750 0.968750 -0.378729

0.625000 0.031250 0.556419
0.625000 0.062500 0.580103
0.625000 0.093750 0.592457
0.625000 0.125000 0.593316
0.625000 0.156250 0.582605
0.625000 0.187500 0.560342
0.625000 0.218750 0.526639
0.625000 0.250000 0.481698
0.625000 0.281250 0.425810
0.625000 0.312500 0.359353
0.625000 0.343750 0.282788
0.625000 0.375000 0.196654
0.625000 0.406250 0.101564
0.625000 0.437500 -0.001802
0.625000 0.468750 -0.112703
0.625000 0.500000 -0.230346
0.625000 0.531250 -0.353888
0.625000 0.562500 -0.482453
0.625000 0.593750 -0.615131
0.625000 0.625000 -0.750994
0.625000 0.656250 -0.889102
0.625000 0.687500 -1.028510
0.625000 0.718750 -1.168281
0.625000 0.750000 -1.307494
0.625000 0.781250 -1.445251
0.625000 0.812500 -1.580687
0.625000 0.843750 -1.712978
0.625000 0.875000 -1.841349
0.625000 0.906250 -1.965082
0.625000 0.937500 -2.083522
0.625000 0.968750 -2.196084

0.656250 0.031250 -1.343273
0.656250 0.062500 -1.382083
0.656250 0.093750 -1.413730
0.656250 0.125000 -1.437957
0.656250 0.156250 -1.454596
0.656250 0.187500 -1.463572
0.656250 0.218750 -1.464902
0.656250 0.250000 -1.458696
0.656250 0.281250 -1.445153
0.656250 0.312500 -1.424564
0.656250 0.343750 -1.397306
0.656250 0.375000 -1.363838
0.656250 0.406250 -1.324698
0.656250 0.437500 -1.280498
0.656250 0.468750 -1.231917
0.656250 0.500000 -1.179693
0.656250 0.531250 -1.124622
0.656250 0.562500 -1.067543
0.656250 0.593750 -1.009333
0.656250 0.625000 -0.950901
0.656250 0.656250 -0.893176
0.656250 0.687500 -0.837097
0.656250 0.718750 -0.783608
0.656250 0.750000 -0.733647
0.656250 0.781250 -0.688136
0.656250 0.812500 -0.647973
0.656250 0.843750 -0.614024
0.656250 0.875000 -0.587112
0.656250 0.906250 -0.568015
0.656250 0.937500 -0.557451
0.656250 0.968750 -0.556076

0.687500 0.031250 0.392555
0.687500 0.062500 0.434415
0.687500 0.093750 0.465557
0.687500 0.125000 0.485635
0.687500 0.156250 0.494391
0.687500 0.187500 0.491655
0.687500 0.218750 0.477349
0.687500 0.250000 0.451491
0.687500 0.281250 0.414187
0.687500 0.312500 0.365637
0.687500 0.343750 0.306129
0.687500 0.375000 0.236039
0.687500 0.406250 0.155824
0.687500 0.437500 0.066022
0.687500 0.468750 -0.032757
0.687500 0.500000 -0.139835
0.687500 0.531250 -0.254474
0.687500 0.562500 -0.375880
0.687500 0.593750 -0.503215
0.687500 0.625000 -0.635600
0.687500 0.656250 -0.772129
0.687500 0.687500 -0.911873
0.687500 0.718750 -1.053892
0.687500 0.750000 -1.197242
0.687500 0.781250 -1.340986
0.687500 0.812500 -1.484201
0.687500 0.843750 -1.625989
0.687500 0.875000 -1.765483
0.687500 0.906250 -1.901858
0.687500 0.937500 -2.034338
0.687500 0.968750 -2.162202

0.718750 0.031250 -1.329714
0.718750 0.062500 -1.385898
0.718750 0.093750 -1.435710
0.718750 0.125000 -1.478716
0.718750 0.156250 -1.514570
0.718750 0.187500 -1.543010
0.718750 0.218750 -1.563867
0.718750 0.250000 -1.577062
0.718750 0.281250 -1.582609
0.718750 0.312500 -1.580614
0.718750 0.343750 -1.571275
0.718750 0.375000 -1.554879
0.718750 0.406250 -1.531800
0.718750 0.437500 -1.502495
0.718750 0.468750 -1.467500
0.718750 0.500000 -1.427424
0.718750 0.531250 -1.382942
0.718750 0.562500 -1.334795
0.718750 0.593750 -1.283773
0.718750 0.625000 -1.230715
0.718750 0.656250 -1.176497
0.718750 0.687500 -1.122028
0.718750 0.718750 -1.068234
0.718750 0.750000 -1.016057
0.718750 0.781250 -0.966439
0.718750 0.812500 -0.920318
0.718750 0.843750 -0.878618
0.718750 0.875000 -0.842237
0.718750 0.906250 -0.812043
0.718750 0.937500 -0.788860
0.718750 0.968750 -0.773467

0.750000 0.031250 0.186540
0.750000 0.062500 0.244800
0.750000 0.093750 0.293302
0.750000 0.125000 0.331534
0.750000 0.156250 0.359060
0.750000 0.187500 0.375533
0.750000 0.218750 0.380689
0.750000 0.250000 0.374358
0.750000 0.281250 0.356459
0.750000 0.312500 0.327005
0.750000 0.343750 0.286100
0.750000 0.375000 0.233941
0.750000 0.406250 0.170814
0.750000 0.437500 0.097091
0.750000 0.468750 0.013227
0.750000 0.500000 -0.080242
0.750000 0.531250 -0.182710
0.750000 0.562500 -0.293500
0.750000 0.593750 -0.411875
0.750000 0.625000 -0.537044
0.750000 0.656250 -0.668169
0.750000 0.687500 -0.804375
0.750000 0.718750 -0.944753
0.750000 0.750000 -1.088377
0.750000 0.781250 -1.234307
0.750000 0.812500 -1.381598
0.750000 0.843750 -1.529314
0.750000 0.875000 -1.676530
0.750000 0.906250 -1.822347
0.750000 0.937500 -1.965899
0.750000 0.968750 -2.106357

0.781250 0.031250 -1.291773
0.781250 0.062500 -1.363220
0.781250 0.093750 -1.429414
0.781250 0.125000 -1.489767
0.781250 0.156250 -1.543762
0.781250 0.187500 -1.590965
0.781250 0.218750 -1.631025
0.781250 0.250000 -1.663678
0.781250 0.281250 -1.688753
0.781250 0.312500 -1.706166
0.781250 0.343750 -1.715930
0.781250 0.375000 -1.718147
0.781250 0.406250 -1.713012
0.781250 0.437500 -1.700809
0.781250 0.468750 -1.681911
0.781250 0.500000 -1.656770
0.781250 0.531250 -1.625919
0.781250 0.562500 -1.589967
0.781250 0.593750 -1.549587
0.781250 0.625000 -1.505516
0.781250 0.656250 -1.458544
0.781250 0.687500 -1.409508
0.781250 0.718750 -1.359284
0.781250 0.750000 -1.308778
0.781250 0.781250 -1.258918
0.781250 0.812500 -1.210642
0.781250 0.843750 -1.164896
0.781250 0.875000 -1.122617
0.781250 0.906250 -1.084729
0.781250 0.937500 -1.052131
0.781250 0.968750 -1.025692

0.812500 0.031250 -0.057021
0.812500 0.062500 0.015214
0.812500 0.093750 0.078960
0.812500 0.125000 0.133558
0.812500 0.156250 0.178416
0.812500 0.187500 0.213019
0.812500 0.218750 0.236929
0.812500 0.250000 0.249795
0.812500 0.281250 0.251353
0.812500 0.312500 0.241426
0.812500 0.343750 0.219933
0.812500 0.375000 0.186884
0.812500 0.406250 0.142378
0.812500 0.437500 0.086611
0.812500 0.468750 0.019865
0.812500 0.500000 -0.057491
0.812500 0.531250 -0.145003
0.812500 0.562500 -0.242139
0.812500 0.593750 -0.348295
0.812500 0.625000 -0.462796
0.812500 0.656250 -0.584906
0.812500 0.687500 -0.713837
0.812500 0.718750 -0.848752
0.812500 0.750000 -0.988776
0.812500 0.781250 -1.133004
0.812500 0.812500 -1.280507
0.812500 0.843750 -1.430346
0.812500 0.875000 -1.581578
0.812500 0.906250 -1.733264
0.812500 0.937500 -1.884480
0.812500 0.968750 -2.034326

0.843750 0.031250 -1.234668
0.843750 0.062500 -1.318663
0.843750 0.093750 -1.398810
0.843750 0.125000 -1.474387
0.843750 0.156250 -1.544731
0.843750 0.187500 -1.609251
0.843750 0.218750 -1.667429
0.843750 0.250000 -1.718828
0.843750 0.281250 -1.763095
0.843750 0.312500 -1.799962
0.843750 0.343750 -1.829254
0.843750 0.375000 -1.850886
0.843750 0.406250 -1.864866
0.843750 0.437500 -1.871295
0.843750 0.468750 -1.870365
0.843750 0.500000 -1.862356
0.843750 0.531250 -1.847637
0.843750 0.562500 -1.826661
0.843750 0.593750 -1.799956
0.843750 0.625000 -1.768129
0.843750 0.656250 -1.731851
0.843750 0.687500 -1.691858
0.843750 0.718750 -1.648936
0.843750 0.750000 -1.603924
0.843750 0.781250 -1.557694
0.843750 0.812500 -1.511152
0.843750 0.843750 -1.465225
0.843750 0.875000 -1.420853
0.843750 0.906250 -1.378980
0.843750 0.937500 -1.340544
0.843750 0.968750 -1.306468

0.875000 0.031250 -0.332342
0.875000 0.062500 -0.249113
0.875000 0.093750 -0.172843
0.875000 0.125000 -0.104315
0.875000 0.156250 -0.044252
0.875000 0.187500 0.006683
0.875000 0.218750 0.047896
0.875000 0.250000 0.078869
0.875000 0.281250 0.099163
0.875000 0.312500 0.108423
0.875000 0.343750 0.106381
0.875000 0.375000 0.092859
0.875000 0.406250 0.067773
0.875000 0.437500 0.031127
0.875000 0.468750 -0.016978
0.875000 0.500000 -0.076353
0.875000 0.531250 -0.146718
0.875000 0.562500 -0.227706
0.875000 0.593750 -0.318866
0.875000 0.625000 -0.419669
0.875000 0.656250 -0.529511
0.875000 0.687500 -0.647722
0.875000 0.718750 -0.773567
0.875000 0.750000 -0.906260
0.875000 0.781250 -1.044964
0.875000 0.812500 -1.188806
0.875000 0.843750 -1.336880
0.875000 0.875000 -1.488262
0.875000 0.906250 -1.642010
0.875000 0.937500 -1.797180
0.875000 0.968750 -1.952836

0.906250 0.031250 -1.164692
0.906250 0.062500 -1.258020
0.906250 0.093750 -1.349136
0.906250 0.125000 -1.437212
0.906250 0.156250 -1.521465
0.906250 0.187500 -1.601171
0.906250 0.218750 -1.675664
0.906250 0.250000 -1.744352
0.906250 0.281250 -1.806713
0.906250 0.312500 -1.862308
0.906250 0.343750 -1.910780
0.906250 0.375000 -1.951860
0.906250 0.406250 -1.985369
0.906250 0.437500 -2.011220
0.906250 0.468750 -2.029417
0.906250 0.500000 -2.040059
0.906250 0.531250 -2.043333
0.906250 0.562500 -2.039518
0.906250 0.593750 -2.028980
0.906250 0.625000 -2.012168
0.906250 0.656250 -1.989611
0.906250 0.687500 -1.961909
0.906250 0.718750 -1.929734
0.906250 0.750000 -1.893819
0.906250 0.781250 -1.854949
0.906250 0.812500 -1.813961
0.906250 0.843750 -1.771726
0.906250 0.875000 -1.729149
0.906250 0.906250 -1.687158
0.906250 0.937500 -1.646690
0.906250 0.968750 -1.608691

0.937500 0.031250 -0.632691
0.937500 0.062500 -0.541883
0.937500 0.093750 -0.456307
0.937500 0.125000 -0.376835
0.937500 0.156250 -0.304297
0.937500 0.187500 -0.239475
0.937500 0.218750 -0.183096
0.937500 0.250000 -0.135825
0.937500 0.281250 -0.098257
0.937500 0.312500 -0.070914
0.937500 0.343750 -0.054238
0.937500 0.375000 -0.048585
0.937500 0.406250 -0.054226
0.937500 0.437500 -0.071342
0.937500 0.468750 -0.100023
0.937500 0.500000 -0.140264
0.937500 0.531250 -0.191970
0.937500 0.562500 -0.254953
0.937500 0.593750 -0.328936
0.937500 0.625000 -0.413555
0.937500 0.656250 -0.508362
0.937500 0.687500 -0.612831
0.937500 0.718750 -0.726360
0.937500 0.750000 -0.848279
0.937500 0.781250 -0.977859
0.937500 0.812500 -1.114311
0.937500 0.843750 -1.256803
0.937500 0.875000 -1.404462
0.937500 0.906250 -1.556384
0.937500 0.937500 -1.711642
0.937500 0.968750 -1.869298

0.968750 0.031250 -1.088954
0.968750 0.062500 -1.188031
0.968750 0.093750 -1.286698
0.968750 0.125000 -1.384052
0.968750 0.156250 -1.479223
0.968750 0.187500 -1.571380
0.968750 0.218750 -1.659739
0.968750 0.250000 -1.743572
0.968750 0.281250 -1.822215
0.968750 0.312500 -1.895069
0.968750 0.343750 -1.961612
0.968750 0.375000 -2.021402
0.968750 0.406250 -2.074080
0.968750 0.437500 -2.119373
0.968750 0.468750 -2.157100
0.968750 0.500000 -2.187169
0.968750 0.531250 -2.209584
0.968750 0.562500 -2.224437
0.968750 0.593750 -2.231916
0.968750 0.625000 -2.232296
0.968750 0.656250 -2.225940
0.968750 0.687500 -2.213293
0.968750 0.718750 -2.194883
0.968750 0.750000 -2.171307
0.968750 0.781250 -2.143236
0.968750 0.812500 -2.111400
0.968750 0.843750 -2.076583
0.968750 0.875000 -2.039619
0.968750 0.906250 -2.001380
0.968750 0.937500 -1.962770
0.968750 0.968750 -1.924715