0.031250 0.031250 0.037160
0.031250 0.062500 0.054028
0.031250 0.093750 0.088555
0.031250 0.125000 0.120583
0.031250 0.156250 0.149751
0.031250 0.187500 0.175711
0.031250 0.218750 0.198131
0.031250 0.250000 0.216697
0.031250 0.281250 0.231118
0.031250 0.312500 0.241127
0.031250 0.343750 0.246485
0.031250 0.375000 0.246982
0.031250 0.406250 0.242442
0.031250 0.437500 0.232720
0.031250 0.468750 0.217706
0.031250 0.500000 0.197327
0.031250 0.531250 0.171546
0.031250 0.562500 0.140363
0.031250 0.593750 0.103815
0.031250 0.625000 0.061975
0.031250 0.656250 0.014954
0.031250 0.687500 -0.037106
0.031250 0.718750 -0.094026
0.031250 0.750000 -0.155597
0.031250 0.781250 -0.221580
0.031250 0.812500 -0.291708
0.031250 0.843750 -0.365689
0.031250 0.875000 -0.443212
0.031250 0.906250 -0.523942
0.031250 0.937500 -0.607533
0.031250 0.968750 -0.513337

0.062500 0.031250 -0.024277
0.062500 0.062500 -0.008275
0.062500 0.093750 -0.032759
0.062500 0.125000 -0.059011
0.062500 0.156250 -0.086843
0.062500 0.187500 -0.116073
0.062500 0.218750 -0.146523
0.062500 0.250000 -0.178022
0.062500 0.281250 -0.210407
0.062500 0.312500 -0.243528
0.062500 0.343750 -0.277243
0.062500 0.375000 -0.311426
0.062500 0.406250 -0.345964
0.062500 0.437500 -0.380760
0.062500 0.468750 -0.415732
0.062500 0.500000 -0.450816
0.062500 0.531250 -0.485967
0.062500 0.562500 -0.521156
0.062500 0.593750 -0.556373
0.062500 0.625000 -0.591628
0.062500 0.656250 -0.626947
0.062500 0.687500 -0.662375
0.062500 0.718750 -0.697977
0.062500 0.750000 -0.733832
0.062500 0.781250 -0.770037
0.062500 0.812500 -0.806703
0.062500 0.843750 -0.843958
0.062500 0.875000 -0.881941
0.062500 0.906250 -0.920803
0.062500 0.937500 -0.960706
0.062500 0.968750 -0.761416

0.093750 0.031250 0.010213
0.093750 0.062500 -0.033710
0.093750 0.093750 -0.018997
0.093750 0.125000 -0.006230
0.093750 0.156250 0.004401
0.093750 0.187500 0.012710
0.093750 0.218750 0.018513
0.093750 0.250000 0.021632
0.093750 0.281250 0.021897
0.093750 0.312500 0.019145
0.093750 0.343750 0.013224
0.093750 0.375000 0.003993
0.093750 0.406250 -0.008674
0.093750 0.437500 -0.024890
0.093750 0.468750 -0.044754
0.093750 0.500000 -0.068346
0.093750 0.531250 -0.095731
0.093750 0.562500 -0.126956
0.093750 0.593750 -0.162048
0.093750 0.625000 -0.201018
0.093750 0.656250 -0.243858
0.093750 0.687500 -0.290540
0.093750 0.718750 -0.341019
0.093750 0.750000 -0.395233
0.093750 0.781250 -0.453101
0.093750 0.812500 -0.514528
0.093750 0.843750 -0.579400
0.093750 0.875000 -0.647593
0.093750 0.906250 -0.718966
0.093750 0.937500 -0.793369
0.093750 0.968750 -0.727825

0.125000 0.031250 -0.032679
0.125000 0.062500 0.019635
0.125000 0.093750 -0.004645
0.125000 0.125000 -0.031075
0.125000 0.156250 -0.059468
0.125000 0.187500 -0.089635
0.125000 0.218750 -0.121389
0.125000 0.250000 -0.154546
0.125000 0.281250 -0.188929
0.125000 0.312500 -0.224366
0.125000 0.343750 -0.260694
0.125000 0.375000 -0.297763
0.125000 0.406250 -0.335431
0.125000 0.437500 -0.373570
0.125000 0.468750 -0.412068
0.125000 0.500000 -0.450826
0.125000 0.531250 -0.489763
0.125000 0.562500 -0.528815
0.125000 0.593750 -0.567933
0.125000 0.625000 -0.607091
0.125000 0.656250 -0.646277
0.125000 0.687500 -0.685500
0.125000 0.718750 -0.724785
0.125000 0.750000 -0.764179
0.125000 0.781250 -0.803744
0.125000 0.812500 -0.843559
0.125000 0.843750 -0.883720
0.125000 0.875000 -0.924339
0.125000 0.906250 -0.965543
0.125000 0.937500 -1.007469
0.125000 0.968750 -0.769470

0.156250 0.031250 -0.003632
0.156250 0.062500 -0.088367
0.156250 0.093750 -0.074244
0.156250 0.125000 -0.061688
0.156250 0.156250 -0.050884
0.156250 0.187500 -0.042021
0.156250 0.218750 -0.035287
0.156250 0.250000 -0.030870
0.156250 0.281250 -0.028952
0.156250 0.312500 -0.029713
0.156250 0.343750 -0.033322
0.156250 0.375000 -0.039944
0.156250 0.406250 -0.049729
0.156250 0.437500 -0.062820
0.156250 0.468750 -0.079343
0.156250 0.500000 -0.099412
0.156250 0.531250 -0.123126
0.156250 0.562500 -0.150566
0.156250 0.593750 -0.181796
0.156250 0.625000 -0.216865
0.156250 0.656250 -0.255802
0.156250 0.687500 -0.298616
0.156250 0.718750 -0.345300
0.156250 0.750000 -0.395827
0.156250 0.781250 -0.450154
0.156250 0.812500 -0.508217
0.156250 0.843750 -0.569938
0.156250 0.875000 -0.635220
0.156250 0.906250 -0.703952
0.156250 0.937500 -0.776009
0.156250 0.968750 -0.742006

0.187500 0.031250 -0.046601
0.187500 0.062500 0.038150
0.187500 0.093750 0.014843
0.187500 0.125000 -0.010990
0.187500 0.156250 -0.039167
0.187500 0.187500 -0.069501
0.187500 0.218750 -0.101803
0.187500 0.250000 -0.135885
0.187500 0.281250 -0.171559
0.187500 0.312500 -0.208643
0.187500 0.343750 -0.246958
0.187500 0.375000 -0.286333
0.187500 0.406250 -0.326605
0.187500 0.437500 -0.367622
0.187500 0.468750 -0.409242
0.187500 0.500000 -0.451337
0.187500 0.531250 -0.493795
0.187500 0.562500 -0.536516
0.187500 0.593750 -0.579418
0.187500 0.625000 -0.622436
0.187500 0.656250 -0.665523
0.187500 0.687500 -0.708649
0.187500 0.718750 -0.751804
0.187500 0.750000 -0.794994
0.187500 0.781250 -0.838247
0.187500 0.812500 -0.881606
0.187500 0.843750 -0.925134
0.187500 0.875000 -0.968909
0.187500 0.906250 -1.013027
0.187500 0.937500 -1.057599
0.187500 0.968750 -0.783071

0.218750 0.031250 -0.024426
0.218750 0.062500 -0.148486
0.218750 0.093750 -0.135709
0.218750 0.125000 -0.124131
0.218750 0.156250 -0.113931
0.218750 0.187500 -0.105290
0.218750 0.218750 -0.098396
0.218750 0.250000 -0.093437
0.218750 0.281250 -0.090600
0.218750 0.312500 -0.090075
0.218750 0.343750 -0.092043
0.218750 0.375000 -0.096683
0.218750 0.406250 -0.104168
0.218750 0.437500 -0.114658
0.218750 0.468750 -0.128309
0.218750 0.500000 -0.145259
0.218750 0.531250 -0.165639
0.218750 0.562500 -0.189561
0.218750 0.593750 -0.217125
0.218750 0.625000 -0.248412
0.218750 0.656250 -0.283489
0.218750 0.687500 -0.322402
0.218750 0.718750 -0.365182
0.218750 0.750000 -0.411840
0.218750 0.781250 -0.462368
0.218750 0.812500 -0.516741
0.218750 0.843750 -0.574915
0.218750 0.875000 -0.636828
0.218750 0.906250 -0.702401
0.218750 0.937500 -0.771539
0.218750 0.968750 -0.763102

0.250000 0.031250 -0.066110
0.250000 0.062500 0.045760
0.250000 0.093750 0.024156
0.250000 0.125000 -0.000326
0.250000 0.156250 -0.027518
0.250000 0.187500 -0.057242
0.250000 0.218750 -0.089315
0.250000 0.250000 -0.123551
0.250000 0.281250 -0.159762
0.250000 0.312500 -0.197758
0.250000 0.343750 -0.237354
0.250000 0.375000 -0.278365
0.250000 0.406250 -0.320612
0.250000 0.437500 -0.363925
0.250000 0.468750 -0.408140
0.250000 0.500000 -0.453104
0.250000 0.531250 -0.498676
0.250000 0.562500 -0.544728
0.250000 0.593750 -0.591145
0.250000 0.625000 -0.637828
0.250000 0.656250 -0.684695
0.250000 0.687500 -0.731680
0.250000 0.718750 -0.778735
0.250000 0.750000 -0.825830
0.250000 0.781250 -0.872953
0.250000 0.812500 -0.920112
0.250000 0.843750 -0.967332
0.250000 0.875000 -1.014656
0.250000 0.906250 -1.062147
0.250000 0.937500 -1.109882
0.250000 0.968750 -0.802301

0.281250 0.031250 -0.052090
0.281250 0.062500 -0.212614
0.281250 0.093750 -0.201882
0.281250 0.125000 -0.192014
0.281250 0.156250 -0.183170
0.281250 0.187500 -0.175520
0.281250 0.218750 -0.169242
0.281250 0.250000 -0.164518
0.281250 0.281250 -0.161533
0.281250 0.312500 -0.160478
0.281250 0.343750 -0.161539
0.281250 0.375000 -0.164905
0.281250 0.406250 -0.170759
0.281250 0.437500 -0.179280
0.281250 0.468750 -0.190639
0.281250 0.500000 -0.204999
0.281250 0.531250 -0.222514
0.281250 0.562500 -0.243326
0.281250 0.593750 -0.267562
0.281250 0.625000 -0.295337
0.281250 0.656250 -0.326750
0.281250 0.687500 -0.361885
0.281250 0.718750 -0.400808
0.281250 0.750000 -0.443566
0.281250 0.781250 -0.490190
0.281250 0.812500 -0.540691
0.281250 0.843750 -0.595064
0.281250 0.875000 -0.653283
0.281250 0.906250 -0.715304
0.281250 0.937500 -0.781066
0.281250 0.968750 -0.791020

0.312500 0.031250 -0.091300
0.312500 0.062500 0.041080
0.312500 0.093750 0.021842
0.312500 0.125000 -0.000590
0.312500 0.156250 -0.026067
0.312500 0.187500 -0.054428
0.312500 0.218750 -0.085504
0.312500 0.250000 -0.119118
0.312500 0.281250 -0.155088
0.312500 0.312500 -0.193226
0.312500 0.343750 -0.233345
0.312500 0.375000 -0.275257
0.312500 0.406250 -0.318773
0.312500 0.437500 -0.363710
0.312500 0.468750 -0.409890
0.312500 0.500000 -0.457141
0.312500 0.531250 -0.505298
0.312500 0.562500 -0.554210
0.312500 0.593750 -0.603734
0.312500 0.625000 -0.653742
0.312500 0.656250 -0.704118
0.312500 0.687500 -0.754764
0.312500 0.718750 -0.805596
0.312500 0.750000 -0.856547
0.312500 0.781250 -0.907570
0.312500 0.812500 -0.958634
0.312500 0.843750 -1.009726
0.312500 0.875000 -1.060853
0.312500 0.906250 -1.112040
0.312500 0.937500 -1.163330
0.312500 0.968750 -0.827264

0.343750 0.031250 -0.086517
0.343750 0.062500 -0.279448
0.343750 0.093750 -0.271380
0.343750 0.125000 -0.263883
0.343750 0.156250 -0.257094
0.343750 0.187500 -0.251165
0.343750 0.218750 -0.246255
0.343750 0.250000 -0.242534
0.343750 0.281250 -0.240178
0.343750 0.312500 -0.239370
0.343750 0.343750 -0.240296
0.343750 0.375000 -0.243144
0.343750 0.406250 -0.248104
0.343750 0.437500 -0.255361
0.343750 0.468750 -0.265101
0.343750 0.500000 -0.277503
0.343750 0.531250 -0.292736
0.343750 0.562500 -0.310967
0.343750 0.593750 -0.332347
0.343750 0.625000 -0.357018
0.343750 0.656250 -0.385111
0.343750 0.687500 -0.416739
0.343750 0.718750 -0.452003
0.343750 0.750000 -0.490986
0.343750 0.781250 -0.533754
0.343750 0.812500 -0.580357
0.343750 0.843750 -0.630824
0.343750 0.875000 -0.685170
0.343750 0.906250 -0.743387
0.343750 0.937500 -0.805451
0.343750 0.968750 -0.825645

0.375000 0.031250 -0.122288
0.375000 0.062500 0.022901
0.375000 0.093750 0.006599
0.375000 0.125000 -0.013164
0.375000 0.156250 -0.036265
0.375000 0.187500 -0.062566
0.375000 0.218750 -0.091916
0.375000 0.250000 -0.124156
0.375000 0.281250 -0.159116
0.375000 0.312500 -0.196620
0.375000 0.343750 -0.236486
0.375000 0.375000 -0.278526
0.375000 0.406250 -0.322554
0.375000 0.437500 -0.368380
0.375000 0.468750 -0.415817
0.375000 0.500000 -0.464680
0.375000 0.531250 -0.514792
0.375000 0.562500 -0.565980
0.375000 0.593750 -0.618081
0.375000 0.625000 -0.670940
0.375000 0.656250 -0.724416
0.375000 0.687500 -0.778379
0.375000 0.718750 -0.832715
0.375000 0.750000 -0.887323
0.375000 0.781250 -0.942120
0.375000 0.812500 -0.997038
0.375000 0.843750 -1.052028
0.375000 0.875000 -1.107061
0.375000 0.906250 -1.162121
0.375000 0.937500 -1.217217
0.375000 0.968750 -0.858085

0.406250 0.031250 -0.127581
0.406250 0.062500 -0.347887
0.406250 0.093750 -0.342996
0.406250 0.125000 -0.338438
0.406250 0.156250 -0.334323
0.406250 0.187500 -0.330774
0.406250 0.218750 -0.327931
0.406250 0.250000 -0.325941
0.406250 0.281250 -0.324964
0.406250 0.312500 -0.325171
0.406250 0.343750 -0.326738
0.406250 0.375000 -0.329846
0.406250 0.406250 -0.334683
0.406250 0.437500 -0.341435
0.406250 0.468750 -0.350293
0.406250 0.500000 -0.361443
0.406250 0.531250 -0.375069
0.406250 0.562500 -0.391351
0.406250 0.593750 -0.410460
0.406250 0.625000 -0.432560
0.406250 0.656250 -0.457805
0.406250 0.687500 -0.486338
0.406250 0.718750 -0.518287
0.406250 0.750000 -0.553769
0.406250 0.781250 -0.592883
0.406250 0.812500 -0.635713
0.406250 0.843750 -0.682327
0.406250 0.875000 -0.732774
0.406250 0.906250 -0.787086
0.406250 0.937500 -0.845275
0.406250 0.968750 -0.866843

0.437500 0.031250 -0.159207
0.437500 0.062500 -0.009758
0.437500 0.093750 -0.022672
0.437500 0.125000 -0.039254
0.437500 0.156250 -0.059412
0.437500 0.187500 -0.083035
0.437500 0.218750 -0.109999
0.437500 0.250000 -0.140167
0.437500 0.281250 -0.173391
0.437500 0.312500 -0.209509
0.437500 0.343750 -0.248354
0.437500 0.375000 -0.289748
0.437500 0.406250 -0.333509
0.437500 0.437500 -0.379452
0.437500 0.468750 -0.427388
0.437500 0.500000 -0.477128
0.437500 0.531250 -0.528484
0.437500 0.562500 -0.581274
0.437500 0.593750 -0.635318
0.437500 0.625000 -0.690443
0.437500 0.656250 -0.746486
0.437500 0.687500 -0.803293
0.437500 0.718750 -0.860721
0.437500 0.750000 -0.918640
0.437500 0.781250 -0.976935
0.437500 0.812500 -1.035505
0.437500 0.843750 -1.094266
0.437500 0.875000 -1.153151
0.437500 0.906250 -1.212110
0.437500 0.937500 -1.271110
0.437500 0.968750 -0.894905

0.468750 0.031250 -0.175142
0.468750 0.062500 -0.417075
0.468750 0.093750 -0.415749
0.468750 0.125000 -0.414582
0.468750 0.156250 -0.413651
0.468750 0.187500 -0.413051
0.468750 0.218750 -0.412889
0.468750 0.250000 -0.413290
0.468750 0.281250 -0.414391
0.468750 0.312500 -0.416340
0.468750 0.343750 -0.419298
0.468750 0.375000 -0.423434
0.468750 0.406250 -0.428923
0.468750 0.437500 -0.435948
0.468750 0.468750 -0.444695
0.468750 0.500000 -0.455352
0.468750 0.531250 -0.468108
0.468750 0.562500 -0.483150
0.468750 0.593750 -0.500663
0.468750 0.625000 -0.520825
0.468750 0.656250 -0.543810
0.468750 0.687500 -0.569780
0.468750 0.718750 -0.598890
0.468750 0.750000 -0.631284
0.468750 0.781250 -0.667090
0.468750 0.812500 -0.706425
0.468750 0.843750 -0.749389
0.468750 0.875000 -0.796067
0.468750 0.906250 -0.846527
0.468750 0.937500 -0.900819
0.468750 0.968750 -0.914467

0.500000 0.031250 -0.202204
0.500000 0.062500 -0.057616
0.500000 0.093750 -0.066824
0.500000 0.125000 -0.079839
0.500000 0.156250 -0.096602
0.500000 0.187500 -0.117037
0.500000 0.218750 -0.141050
0.500000 0.250000 -0.168531
0.500000 0.281250 -0.199359
0.500000 0.312500 -0.233395
0.500000 0.343750 -0.270492
0.500000 0.375000 -0.310489
0.500000 0.406250 -0.353217
0.500000 0.437500 -0.398501
0.500000 0.468750 -0.446158
0.500000 0.500000 -0.496002
0.500000 0.531250 -0.547846
0.500000 0.562500 -0.601500
0.500000 0.593750 -0.656777
0.500000 0.625000 -0.713493
0.500000 0.656250 -0.771468
0.500000 0.687500 -0.830531
0.500000 0.718750 -0.890516
0.500000 0.750000 -0.951270
0.500000 0.781250 -1.012649
0.500000 0.812500 -1.074524
0.500000 0.843750 -1.136778
0.500000 0.875000 -1.199310
0.500000 0.906250 -1.262036
0.500000 0.937500 -1.324887
0.500000 0.968750 -0.937875

0.531250 0.031250 -0.229047
0.531250 0.062500 -0.486438
0.531250 0.093750 -0.488923
0.531250 0.125000 -0.491464
0.531250 0.156250 -0.494104
0.531250 0.187500 -0.496900
0.531250 0.218750 -0.499930
0.531250 0.250000 -0.503287
0.531250 0.281250 -0.507079
0.531250 0.312500 -0.511429
0.531250 0.343750 -0.516474
0.531250 0.375000 -0.522364
0.531250 0.406250 -0.529256
0.531250 0.437500 -0.537320
0.531250 0.468750 -0.546732
0.531250 0.500000 -0.557674
0.531250 0.531250 -0.570332
0.531250 0.562500 -0.584894
0.531250 0.593750 -0.601548
0.531250 0.625000 -0.620483
0.531250 0.656250 -0.641883
0.531250 0.687500 -0.665926
0.531250 0.718750 -0.692785
0.531250 0.750000 -0.722626
0.531250 0.781250 -0.755602
0.531250 0.812500 -0.791856
0.531250 0.843750 -0.831519
0.531250 0.875000 -0.874707
0.531250 0.906250 -0.921522
0.531250 0.937500 -0.972048
0.531250 0.968750 -0.968364

0.562500 0.031250 -0.251435
0.562500 0.062500 -0.121100
0.562500 0.093750 -0.126430
0.562500 0.125000 -0.135633
0.562500 0.156250 -0.148686
0.562500 0.187500 -0.165548
0.562500 0.218750 -0.186160
0.562500 0.250000 -0.210446
0.562500 0.281250 -0.238314
0.562500 0.312500 -0.269655
0.562500 0.343750 -0.304346
0.562500 0.375000 -0.342250
0.562500 0.406250 -0.383219
0.562500 0.437500 -0.427094
0.562500 0.468750 -0.473706
0.562500 0.500000 -0.522879
0.562500 0.531250 -0.574432
0.562500 0.562500 -0.628178
0.562500 0.593750 -0.683929
0.562500 0.625000 -0.741497
0.562500 0.656250 -0.800694
0.562500 0.687500 -0.861335
0.562500 0.718750 -0.923242
0.562500 0.750000 -0.986242
0.562500 0.781250 -1.050169
0.562500 0.812500 -1.114870
0.562500 0.843750 -1.180201
0.562500 0.875000 -1.246031
0.562500 0.906250 -1.312244
0.562500 0.937500 -1.378739
0.562500 0.968750 -0.987150

0.593750 0.031250 -0.289143
0.593750 0.062500 -0.555704
0.593750 0.093750 -0.562095
0.593750 0.125000 -0.568515
0.593750 0.156250 -0.574968
0.593750 0.187500 -0.581477
0.593750 0.218750 -0.588082
0.593750 0.250000 -0.594842
0.593750 0.281250 -0.601833
0.593750 0.312500 -0.609147
0.593750 0.343750 -0.616892
0.593750 0.375000 -0.625192
0.593750 0.406250 -0.634182
0.593750 0.437500 -0.644011
0.593750 0.468750 -0.654838
0.593750 0.500000 -0.666831
0.593750 0.531250 -0.680166
0.593750 0.562500 -0.695025
0.593750 0.593750 -0.711594
0.593750 0.625000 -0.730061
0.593750 0.656250 -0.750614
0.593750 0.687500 -0.773442
0.593750 0.718750 -0.798728
0.593750 0.750000 -0.826652
0.593750 0.781250 -0.857387
0.593750 0.812500 -0.891098
0.593750 0.843750 -0.927940
0.593750 0.875000 -0.968055
0.593750 0.906250 -1.011575
0.593750 0.937500 -1.058617
0.593750 0.968750 -1.028379

0.625000 0.031250 -0.307051
0.625000 0.062500 -0.200324
0.625000 0.093750 -0.201759
0.625000 0.125000 -0.207055
0.625000 0.156250 -0.216229
0.625000 0.187500 -0.229276
0.625000 0.218750 -0.246174
0.625000 0.250000 -0.266883
0.625000 0.281250 -0.291344
0.625000 0.312500 -0.319482
0.625000 0.343750 -0.351205
0.625000 0.375000 -0.386405
0.625000 0.406250 -0.424958
0.625000 0.437500 -0.466730
0.625000 0.468750 -0.511572
0.625000 0.500000 -0.559325
0.625000 0.531250 -0.609820
0.625000 0.562500 -0.662883
0.625000 0.593750 -0.718331
0.625000 0.625000 -0.775978
0.625000 0.656250 -0.835637
0.625000 0.687500 -0.897119
0.625000 0.718750 -0.960235
0.625000 0.750000 -1.024802
0.625000 0.781250 -1.090641
0.625000 0.812500 -1.157577
0.625000 0.843750 -1.225446
0.625000 0.875000 -1.294094
0.625000 0.906250 -1.363376
0.625000 0.937500 -1.433162
0.625000 0.968750 -1.042882

0.656250 0.031250 -0.355277
0.656250 0.062500 -0.624914
0.656250 0.093750 -0.635151
0.656250 0.125000 -0.645466
0.656250 0.156250 -0.655826
0.656250 0.187500 -0.666215
0.656250 0.218750 -0.676636
0.656250 0.250000 -0.687112
0.656250 0.281250 -0.697683
0.656250 0.312500 -0.708407
0.656250 0.343750 -0.719358
0.656250 0.375000 -0.730630
0.656250 0.406250 -0.742329
0.656250 0.437500 -0.754579
0.656250 0.468750 -0.767514
0.656250 0.500000 -0.781283
0.656250 0.531250 -0.796044
0.656250 0.562500 -0.811966
0.656250 0.593750 -0.829225
0.656250 0.625000 -0.848001
0.656250 0.656250 -0.868481
0.656250 0.687500 -0.890853
0.656250 0.718750 -0.915305
0.656250 0.750000 -0.942026
0.656250 0.781250 -0.971199
0.656250 0.812500 -1.003004
0.656250 0.843750 -1.037615
0.656250 0.875000 -1.075197
0.656250 0.906250 -1.115904
0.656250 0.937500 -1.159880
0.656250 0.968750 -1.094363

0.687500 0.031250 -0.369204
0.687500 0.062500 -0.295091
0.687500 0.093750 -0.292767
0.687500 0.125000 -0.294218
0.687500 0.156250 -0.299497
0.687500 0.187500 -0.308637
0.687500 0.218750 -0.321655
0.687500 0.250000 -0.338546
0.687500 0.281250 -0.359289
0.687500 0.312500 -0.383845
0.687500 0.343750 -0.412155
0.687500 0.375000 -0.444145
0.687500 0.406250 -0.479723
0.687500 0.437500 -0.518781
0.687500 0.468750 -0.561197
0.687500 0.500000 -0.606837
0.687500 0.531250 -0.655551
0.687500 0.562500 -0.707181
0.687500 0.593750 -0.761560
0.687500 0.625000 -0.818512
0.687500 0.656250 -0.877855
0.687500 0.687500 -0.939404
0.687500 0.718750 -1.002970
0.687500 0.750000 -1.068365
0.687500 0.781250 -1.135401
0.687500 0.812500 -1.203894
0.687500 0.843750 -1.273663
0.687500 0.875000 -1.344536
0.687500 0.906250 -1.416347
0.687500 0.937500 -1.488942
0.687500 0.968750 -1.105217

0.718750 0.031250 -0.427304
0.718750 0.062500 -0.694422
0.718750 0.093750 -0.708293
0.718750 0.125000 -0.722365
0.718750 0.156250 -0.736569
0.718750 0.187500 -0.750852
0.718750 0.218750 -0.765180
0.718750 0.250000 -0.779538
0.718750 0.281250 -0.793928
0.718750 0.312500 -0.808371
0.718750 0.343750 -0.822908
0.718750 0.375000 -0.837595
0.718750 0.406250 -0.852507
0.718750 0.437500 -0.867737
0.718750 0.468750 -0.883390
0.718750 0.500000 -0.899589
0.718750 0.531250 -0.916469
0.718750 0.562500 -0.934178
0.718750 0.593750 -0.952874
0.718750 0.625000 -0.972726
0.718750 0.656250 -0.993908
0.718750 0.687500 -1.016601
0.718750 0.718750 -1.040993
0.718750 0.750000 -1.067270
0.718750 0.781250 -1.095621
0.718750 0.812500 -1.126235
0.718750 0.843750 -1.159295
0.718750 0.875000 -1.194982
0.718750 0.906250 -1.233469
0.718750 0.937500 -1.274921
0.718750 0.968750 -1.166177

0.750000 0.031250 -0.438030
0.750000 0.062500 -0.404895
0.750000 0.093750 -0.399098
0.750000 0.125000 -0.396917
0.750000 0.156250 -0.398441
0.750000 0.187500 -0.403738
0.750000 0.218750 -0.412862
0.750000 0.250000 -0.425847
0.750000 0.281250 -0.442708
0.750000 0.312500 -0.463443
0.750000 0.343750 -0.488032
0.750000 0.375000 -0.516434
0.750000 0.406250 -0.548593
0.750000 0.437500 -0.584435
0.750000 0.468750 -0.623867
0.750000 0.500000 -0.666784
0.750000 0.531250 -0.713063
0.750000 0.562500 -0.762569
0.750000 0.593750 -0.815156
0.750000 0.625000 -0.870664
0.750000 0.656250 -0.928926
0.750000 0.687500 -0.989767
0.750000 0.718750 -1.053005
0.750000 0.750000 -1.118454
0.750000 0.781250 -1.185928
0.750000 0.812500 -1.255236
0.750000 0.843750 -1.326191
0.750000 0.875000 -1.398609
0.750000 0.906250 -1.472310
0.750000 0.937500 -1.547119
0.750000 0.968750 -1.174283

0.781250 0.031250 -0.505095
0.781250 0.062500 -0.764879
0.781250 0.093750 -0.782028
0.781250 0.125000 -0.799570
0.781250 0.156250 -0.817403
0.781250 0.187500 -0.835440
0.781250 0.218750 -0.853610
0.781250 0.250000 -0.871861
0.781250 0.281250 -0.890157
0.781250 0.312500 -0.908484
0.781250 0.343750 -0.926842
0.781250 0.375000 -0.945253
0.781250 0.406250 -0.963755
0.781250 0.437500 -0.982406
0.781250 0.468750 -1.001279
0.781250 0.500000 -1.020467
0.781250 0.531250 -1.040074
0.781250 0.562500 -1.060223
0.781250 0.593750 -1.081048
0.781250 0.625000 -1.102697
0.781250 0.656250 -1.125329
0.781250 0.687500 -1.149110
0.781250 0.718750 -1.174215
0.781250 0.750000 -1.200827
0.781250 0.781250 -1.229130
0.781250 0.812500 -1.259312
0.781250 0.843750 -1.291563
0.781250 0.875000 -1.326070
0.781250 0.906250 -1.363018
0.781250 0.937500 -1.402586
0.781250 0.968750 -1.243701

0.812500 0.031250 -0.513650
0.812500 0.062500 -0.528946
0.812500 0.093750 -0.520098
0.812500 0.125000 -0.514644
0.812500 0.156250 -0.512700
0.812500 0.187500 -0.514370
0.812500 0.218750 -0.519742
0.812500 0.250000 -0.528886
0.812500 0.281250 -0.541855
0.812500 0.312500 -0.558683
0.812500 0.343750 -0.579388
0.812500 0.375000 -0.603967
0.812500 0.406250 -0.632401
0.812500 0.437500 -0.664650
0.812500 0.468750 -0.700658
0.812500 0.500000 -0.740351
0.812500 0.531250 -0.783638
0.812500 0.562500 -0.830413
0.812500 0.593750 -0.880555
0.812500 0.625000 -0.933928
0.812500 0.656250 -0.990387
0.812500 0.687500 -1.049772
0.812500 0.718750 -1.111917
0.812500 0.750000 -1.176647
0.812500 0.781250 -1.243780
0.812500 0.812500 -1.313130
0.812500 0.843750 -1.384510
0.812500 0.875000 -1.457732
0.812500 0.906250 -1.532606
0.812500 0.937500 -1.608949
0.812500 0.968750 -1.250193

0.843750 0.031250 -0.588539
0.843750 0.062500 -0.837208
0.843750 0.093750 -0.857148
0.843750 0.125000 -0.877737
0.843750 0.156250 -0.898841
0.843750 0.187500 -0.920342
0.843750 0.218750 -0.942137
0.843750 0.250000 -0.964138
0.843750 0.281250 -0.986274
0.843750 0.312500 -1.008492
0.843750 0.343750 -1.030757
0.843750 0.375000 -1.053052
0.843750 0.406250 -1.075379
0.843750 0.437500 -1.097757
0.843750 0.468750 -1.120226
0.843750 0.500000 -1.142840
0.843750 0.531250 -1.165675
0.843750 0.562500 -1.188820
0.843750 0.593750 -1.212381
0.843750 0.625000 -1.236480
0.843750 0.656250 -1.261251
0.843750 0.687500 -1.286841
0.843750 0.718750 -1.313407
0.843750 0.750000 -1.341118
0.843750 0.781250 -1.370147
0.843750 0.812500 -1.400677
0.843750 0.843750 -1.432891
0.843750 0.875000 -1.466980
0.843750 0.906250 -1.503130
0.843750 0.937500 -1.541530
0.843750 0.968750 -1.326835

0.875000 0.031250 -0.596163
0.875000 0.062500 -0.666196
0.875000 0.093750 -0.654843
0.875000 0.125000 -0.646602
0.875000 0.156250 -0.641616
0.875000 0.187500 -0.640019
0.875000 0.218750 -0.641929
0.875000 0.250000 -0.647450
0.875000 0.281250 -0.656671
0.875000 0.312500 -0.669661
0.875000 0.343750 -0.686474
0.875000 0.375000 -0.707146
0.875000 0.406250 -0.731695
0.875000 0.437500 -0.760119
0.875000 0.468750 -0.792397
0.875000 0.500000 -0.828493
0.875000 0.531250 -0.868349
0.875000 0.562500 -0.911894
0.875000 0.593750 -0.959035
0.875000 0.625000 -1.009669
0.875000 0.656250 -1.063673
0.875000 0.687500 -1.120913
0.875000 0.718750 -1.181244
0.875000 0.750000 -1.244507
0.875000 0.781250 -1.310534
0.875000 0.812500 -1.379152
0.875000 0.843750 -1.450180
0.875000 0.875000 -1.523431
0.875000 0.906250 -1.598718
0.875000 0.937500 -1.675852
0.875000 0.968750 -1.333035

0.906250 0.031250 -0.677549
0.906250 0.062500 -0.912569
0.906250 0.093750 -0.934704
0.906250 0.125000 -0.957793
0.906250 0.156250 -0.981679
0.906250 0.187500 -1.006219
0.906250 0.218750 -1.031277
0.906250 0.250000 -1.056737
0.906250 0.281250 -1.082493
0.906250 0.312500 -1.108458
0.906250 0.343750 -1.134561
0.906250 0.375000 -1.160747
0.906250 0.406250 -1.186980
0.906250 0.437500 -1.213244
0.906250 0.468750 -1.239539
0.906250 0.500000 -1.265885
0.906250 0.531250 -1.292319
0.906250 0.562500 -1.318898
0.906250 0.593750 -1.345694
0.906250 0.625000 -1.372797
0.906250 0.656250 -1.400312
0.906250 0.687500 -1.428361
0.906250 0.718750 -1.457078
0.906250 0.750000 -1.486608
0.906250 0.781250 -1.517110
0.906250 0.812500 -1.548751
0.906250 0.843750 -1.581704
0.906250 0.875000 -1.616151
0.906250 0.906250 -1.652278
0.906250 0.937500 -1.690272
0.906250 0.968750 -1.415503

0.937500 0.031250 -0.685644
0.937500 0.062500 -0.815386
0.937500 0.093750 -0.802172
0.937500 0.125000 -0.791741
0.937500 0.156250 -0.784259
0.937500 0.187500 -0.779884
0.937500 0.218750 -0.778760
0.937500 0.250000 -0.781021
0.937500 0.281250 -0.786785
0.937500 0.312500 -0.796157
0.937500 0.343750 -0.809226
0.937500 0.375000 -0.826062
0.937500 0.406250 -0.846720
0.937500 0.437500 -0.871237
0.937500 0.468750 -0.899629
0.937500 0.500000 -0.931897
0.937500 0.531250 -0.968020
0.937500 0.562500 -1.007963
0.937500 0.593750 -1.051668
0.937500 0.625000 -1.099063
0.937500 0.656250 -1.150059
0.937500 0.687500 -1.204551
0.937500 0.718750 -1.262417
0.937500 0.750000 -1.323525
0.937500 0.781250 -1.387727
0.937500 0.812500 -1.454867
0.937500 0.843750 -1.524777
0.937500 0.875000 -1.597284
0.937500 0.906250 -1.672205
0.937500 0.937500 -1.749357
0.937500 0.968750 -1.422869

0.968750 0.031250 -0.581935
0.968750 0.062500 -0.821113
0.968750 0.093750 -0.863018
0.968750 0.125000 -0.905362
0.968750 0.156250 -0.947790
0.968750 0.187500 -0.989963
0.968750 0.218750 -1.031558
0.968750 0.250000 -1.072270
0.968750 0.281250 -1.111823
0.968750 0.312500 -1.149962
0.968750 0.343750 -1.186464
0.968750 0.375000 -1.221136
0.968750 0.406250 -1.253816
0.968750 0.437500 -1.284379
0.968750 0.468750 -1.312733
0.968750 0.500000 -1.338823
0.968750 0.531250 -1.362632
0.968750 0.562500 -1.384178
0.968750 0.593750 -1.403517
0.968750 0.625000 -1.420741
0.968750 0.656250 -1.435978
0.968750 0.687500 -1.449389
0.968750 0.718750 -1.461169
0.968750 0.750000 -1.471541
0.968750 0.781250 -1.480760
0.968750 0.812500 -1.489106
0.968750 0.843750 -1.496881
0.968750 0.875000 -1.504409
0.968750 0.906250 -1.512031
0.968750 0.937500 -1.520101
0.968750 0.968750 -1.151356