0.000000 0 0.000000
0.025641 0 0.000625
0.051282 0 0.002500
0.076923 0 0.005625
0.102564 0 0.010000
0.128205 0 0.015625
0.153846 0 0.022500
0.179487 0 0.030625
0.205128 0 0.040000
0.230769 0 0.050625
0.256410 0 0.062500
0.282051 0 0.075625
0.307692 0 0.090000
0.333333 0 0.105625
0.358974 0 0.122500
0.384615 0 0.140625
0.410256 0 0.160000
0.435897 0 0.180625
0.461538 0 0.202500
0.487179 0 0.225625
0.512821 0 0.250000
0.538462 0 0.275625
0.564103 0 0.302500
0.589744 0 0.330625
0.615385 0 0.360000
0.641026 0 0.390625
0.666667 0 0.422500
0.692308 0 0.455625
0.717949 0 0.490000
0.743590 0 0.525625
0.769231 0 0.562500
0.794872 0 0.600625
0.820513 0 0.640000
0.846154 0 0.680625
0.871795 0 0.722500
0.897436 0 0.765625
0.923077 0 0.810000
0.948718 0 0.855625
0.974359 0 0.902500
1.000000 0 0.950625

0 0.025641 0.000625
0.025641 0.025641 0.001187
0.051282 0.025641 0.002999
0.076923 0.025641 0.006064
0.102564 0.025641 0.010381
0.128205 0.025641 0.015952
0.153846 0.025641 0.022784
0.179487 0.025641 0.030874
0.205128 0.025641 0.040233
0.230769 0.025641 0.050859
0.256410 0.025641 0.062737
0.282051 0.025641 0.075900
0.307692 0.025641 0.090335
0.333333 0.025641 0.106009
0.358974 0.025641 0.122945
0.384615 0.025641 0.141156
0.410256 0.025641 0.160619
0.435897 0.025641 0.181317
0.461538 0.025641 0.203262
0.487179 0.025641 0.226464
0.512821 0.025641 0.250917
0.538462 0.025641 0.276606
0.564103 0.025641 0.303524
0.589744 0.025641 0.331673
0.615385 0.025641 0.361060
0.641026 0.025641 0.391689
0.666667 0.025641 0.423556
0.692308 0.025641 0.456660
0.717949 0.025641 0.490998
0.743590 0.025641 0.526578
0.769231 0.025641 0.563405
0.794872 0.025641 0.601480
0.820513 0.025641 0.640801
0.846154 0.025641 0.681371
0.871795 0.025641 0.723203
0.897436 0.025641 0.766299
0.923077 0.025641 0.810642
0.948718 0.025641 0.856240
0.974359 0.025641 0.903116
1.000000 0.025641 0.951229

0 0.051282 0.002500
0.025641 0.051282 0.002999
0.051282 0.051282 0.004748
0.076923 0.051282 0.007752
0.102564 0.051282 0.012014
0.128205 0.051282 0.017531
0.153846 0.051282 0.024322
0.179487 0.051282 0.032379
0.205128 0.051282 0.041709
0.230769 0.051282 0.052341
0.256410 0.051282 0.064239
0.282051 0.051282 0.077426
0.307692 0.051282 0.091907
0.333333 0.051282 0.107643
0.358974 0.051282 0.124648
0.384615 0.051282 0.142932
0.410256 0.051282 0.162468
0.435897 0.051282 0.183240
0.461538 0.051282 0.205261
0.487179 0.051282 0.228541
0.512821 0.051282 0.253064
0.538462 0.051282 0.278808
0.564103 0.051282 0.305764
0.589744 0.051282 0.333937
0.615385 0.051282 0.363340
0.641026 0.051282 0.393973
0.666667 0.051282 0.425833
0.692308 0.051282 0.458911
0.717949 0.051282 0.493211
0.743590 0.051282 0.528746
0.769231 0.051282 0.565530
0.794872 0.051282 0.603567
0.820513 0.051282 0.642843
0.846154 0.051282 0.683354
0.871795 0.051282 0.725126
0.897436 0.051282 0.768188
0.923077 0.051282 0.812518
0.948718 0.051282 0.858107
0.974359 0.051282 0.904966
1.000000 0.051282 0.953103

0 0.076923 0.005625
0.025641 0.076923 0.006064
0.051282 0.076923 0.007752
0.076923 0.076923 0.010691
0.102564 0.076923 0.014898
0.128205 0.076923 0.020365
0.153846 0.076923 0.027108
0.179487 0.076923 0.035139
0.205128 0.076923 0.044450
0.230769 0.076923 0.055076
0.256410 0.076923 0.066987
0.282051 0.076923 0.080204
0.307692 0.076923 0.094729
0.333333 0.076923 0.110518
0.358974 0.076923 0.127582
0.384615 0.076923 0.145930
0.410256 0.076923 0.165532
0.435897 0.076923 0.186372
0.461538 0.076923 0.208463
0.487179 0.076923 0.231810
0.512821 0.076923 0.256392
0.538462 0.076923 0.282182
0.564103 0.076923 0.309170
0.589744 0.076923 0.337365
0.615385 0.076923 0.366781
0.641026 0.076923 0.397417
0.666667 0.076923 0.429265
0.692308 0.076923 0.462319
0.717949 0.076923 0.496582
0.743590 0.076923 0.532072
0.769231 0.076923 0.568805
0.794872 0.076923 0.606795
0.820513 0.076923 0.646046
0.846154 0.076923 0.686539
0.871795 0.076923 0.728260
0.897436 0.076923 0.771263
0.923077 0.076923 0.815596
0.948718 0.076923 0.861172
0.974359 0.076923 0.908049
1.000000 0.076923 0.956191

0 0.102564 0.010000
0.025641 0.102564 0.010381
0.051282 0.102564 0.012014
0.076923 0.102564 0.014898
0.102564 0.102564 0.019046
0.128205 0.102564 0.024465
0.153846 0.102564 0.031163
0.179487 0.102564 0.039161
0.205128 0.102564 0.048454
0.230769 0.102564 0.059076
0.256410 0.102564 0.070997
0.282051 0.102564 0.084241
0.307692 0.102564 0.098805
0.333333 0.102564 0.114637
0.358974 0.102564 0.131749
0.384615 0.102564 0.150150
0.410256 0.102564 0.169809
0.435897 0.102564 0.190706
0.461538 0.102564 0.212854
0.487179 0.102564 0.236254
0.512821 0.102564 0.260881
0.538462 0.102564 0.286706
0.564103 0.102564 0.313718
0.589744 0.102564 0.341929
0.615385 0.102564 0.371353
0.641026 0.102564 0.401986
0.666667 0.102564 0.433818
0.692308 0.102564 0.466848
0.717949 0.102564 0.501089
0.743590 0.102564 0.536554
0.769231 0.102564 0.573237
0.794872 0.102564 0.611150
0.820513 0.102564 0.650347
0.846154 0.102564 0.690845
0.871795 0.102564 0.732561
0.897436 0.102564 0.775514
0.923077 0.102564 0.819862
0.948718 0.102564 0.865458
0.974359 0.102564 0.912346
1.000000 0.102564 0.960532

0 0.128205 0.015625
0.025641 0.128205 0.015952
0.051282 0.128205 0.017531
0.076923 0.128205 0.020365
0.102564 0.128205 0.024465
0.128205 0.128205 0.029840
0.153846 0.128205 0.036498
0.179487 0.128205 0.044465
0.205128 0.128205 0.053739
0.230769 0.128205 0.064359
0.256410 0.128205 0.076289
0.282051 0.128205 0.089554
0.307692 0.128205 0.104150
0.333333 0.128205 0.120016
0.358974 0.128205 0.137165
0.384615 0.128205 0.155608
0.410256 0.128205 0.175310
0.435897 0.128205 0.196250
0.461538 0.128205 0.218438
0.487179 0.128205 0.241875
0.512821 0.128205 0.266532
0.538462 0.128205 0.292377
0.564103 0.128205 0.319401
0.589744 0.128205 0.347621
0.615385 0.128205 0.377048
0.641026 0.128205 0.407673
0.666667 0.128205 0.439482
0.692308 0.128205 0.472479
0.717949 0.128205 0.506700
0.743590 0.128205 0.542168
0.769231 0.128205 0.578855
0.794872 0.128205 0.616727
0.820513 0.128205 0.655844
0.846154 0.128205 0.696304
0.871795 0.128205 0.738045
0.897436 0.128205 0.781010
0.923077 0.128205 0.825284
0.948718 0.128205 0.870924
0.974359 0.128205 0.917861
1.000000 0.128205 0.966106

0 0.153846 0.022500
0.025641 0.153846 0.022784
0.051282 0.153846 0.024322
0.076923 0.153846 0.027108
0.102564 0.153846 0.031163
0.128205 0.153846 0.036498
0.153846 0.153846 0.043122
0.179487 0.153846 0.051064
0.205128 0.153846 0.060323
0.230769 0.153846 0.070942
0.256410 0.153846 0.082880
0.282051 0.153846 0.096162
0.307692 0.153846 0.110783
0.333333 0.153846 0.126675
0.358974 0.153846 0.143849
0.384615 0.153846 0.162320
0.410256 0.153846 0.182050
0.435897 0.153846 0.203015
0.461538 0.153846 0.225224
0.487179 0.153846 0.248679
0.512821 0.153846 0.273347
0.538462 0.153846 0.299194
0.564103 0.153846 0.326215
0.589744 0.153846 0.354430
0.615385 0.153846 0.383853
0.641026 0.153846 0.414469
0.666667 0.153846 0.446257
0.692308 0.153846 0.479220
0.717949 0.153846 0.513396
0.743590 0.153846 0.548834
0.769231 0.153846 0.585540
0.794872 0.153846 0.623459
0.820513 0.153846 0.662563
0.846154 0.153846 0.702946
0.871795 0.153846 0.744678
0.897436 0.153846 0.787720
0.923077 0.153846 0.832034
0.948718 0.153846 0.877679
0.974359 0.153846 0.924621
1.000000 0.153846 0.972913

0 0.179487 0.030625
0.025641 0.179487 0.030874
0.051282 0.179487 0.032379
0.076923 0.179487 0.035139
0.102564 0.179487 0.039161
0.128205 0.179487 0.044465
0.153846 0.179487 0.051064
0.179487 0.179487 0.058989
0.205128 0.179487 0.068238
0.230769 0.179487 0.078860
0.256410 0.179487 0.090807
0.282051 0.179487 0.104107
0.307692 0.179487 0.118750
0.333333 0.179487 0.134660
0.358974 0.179487 0.151851
0.384615 0.179487 0.170339
0.410256 0.179487 0.190084
0.435897 0.179487 0.211058
0.461538 0.179487 0.233274
0.487179 0.179487 0.256730
0.512821 0.179487 0.281391
0.538462 0.179487 0.307224
0.564103 0.179487 0.334227
0.589744 0.179487 0.362423
0.615385 0.179487 0.391828
0.641026 0.179487 0.422431
0.666667 0.179487 0.454218
0.692308 0.179487 0.487187
0.717949 0.179487 0.521346
0.743590 0.179487 0.556720
0.769231 0.179487 0.593372
0.794872 0.179487 0.631337
0.820513 0.179487 0.670516
0.846154 0.179487 0.710858
0.871795 0.179487 0.752579
0.897436 0.179487 0.795630
0.923077 0.179487 0.840005
0.948718 0.179487 0.885712
0.974359 0.179487 0.932680
1.000000 0.179487 0.980992

0 0.205128 0.040000
0.025641 0.205128 0.040233
0.051282 0.205128 0.041709
0.076923 0.205128 0.044450
0.102564 0.205128 0.048454
0.128205 0.205128 0.053739
0.153846 0.205128 0.060323
0.179487 0.205128 0.068238
0.205128 0.205128 0.077483
0.230769 0.205128 0.088112
0.256410 0.205128 0.100070
0.282051 0.205128 0.113386
0.307692 0.205128 0.128048
0.333333 0.205128 0.143969
0.358974 0.205128 0.161166
0.384615 0.205128 0.179658
0.410256 0.205128 0.199403
0.435897 0.205128 0.220372
0.461538 0.205128 0.242577
0.487179 0.205128 0.266016
0.512821 0.205128 0.290654
0.538462 0.205128 0.316458
0.564103 0.205128 0.343430
0.589744 0.205128 0.371594
0.615385 0.205128 0.400961
0.641026 0.205128 0.431521
0.666667 0.205128 0.463284
0.692308 0.205128 0.496280
0.717949 0.205128 0.530502
0.743590 0.205128 0.565893
0.769231 0.205128 0.602481
0.794872 0.205128 0.640436
0.820513 0.205128 0.679745
0.846154 0.205128 0.720144
0.871795 0.205128 0.761838
0.897436 0.205128 0.804851
0.923077 0.205128 0.849231
0.948718 0.205128 0.895011
0.974359 0.205128 0.942039
1.000000 0.205128 0.990360

0 0.230769 0.050625
0.025641 0.230769 0.050859
0.051282 0.230769 0.052341
0.076923 0.230769 0.055076
0.102564 0.230769 0.059076
0.128205 0.230769 0.064359
0.153846 0.230769 0.070942
0.179487 0.230769 0.078860
0.205128 0.230769 0.088112
0.230769 0.230769 0.098756
0.256410 0.230769 0.110731
0.282051 0.230769 0.124067
0.307692 0.230769 0.138747
0.333333 0.230769 0.154676
0.358974 0.230769 0.171874
0.384615 0.230769 0.190365
0.410256 0.230769 0.210105
0.435897 0.230769 0.231062
0.461538 0.230769 0.253249
0.487179 0.230769 0.276664
0.512821 0.230769 0.301271
0.538462 0.230769 0.327040
0.564103 0.230769 0.353984
0.589744 0.230769 0.382127
0.615385 0.230769 0.411468
0.641026 0.230769 0.441981
0.666667 0.230769 0.473679
0.692308 0.230769 0.506639
0.717949 0.230769 0.540906
0.743590 0.230769 0.576392
0.769231 0.230769 0.612991
0.794872 0.230769 0.650834
0.820513 0.230769 0.690118
0.846154 0.230769 0.730661
0.871795 0.230769 0.772449
0.897436 0.230769 0.815495
0.923077 0.230769 0.859838
0.948718 0.230769 0.905619
0.974359 0.230769 0.952680
1.000000 0.230769 1.001003

0 0.256410 0.062500
0.025641 0.256410 0.062737
0.051282 0.256410 0.064239
0.076923 0.256410 0.066987
0.102564 0.256410 0.070997
0.128205 0.256410 0.076289
0.153846 0.256410 0.082880
0.179487 0.256410 0.090807
0.205128 0.256410 0.100070
0.230769 0.256410 0.110731
0.256410 0.256410 0.122722
0.282051 0.256410 0.136073
0.307692 0.256410 0.150764
0.333333 0.256410 0.166693
0.358974 0.256410 0.183881
0.384615 0.256410 0.202359
0.410256 0.256410 0.222081
0.435897 0.256410 0.243016
0.461538 0.256410 0.265176
0.487179 0.256410 0.288556
0.512821 0.256410 0.313121
0.538462 0.256410 0.338846
0.564103 0.256410 0.365751
0.589744 0.256410 0.393873
0.615385 0.256410 0.423210
0.641026 0.256410 0.453723
0.666667 0.256410 0.485396
0.692308 0.256410 0.518289
0.717949 0.256410 0.552502
0.743590 0.256410 0.588054
0.769231 0.256410 0.624832
0.794872 0.256410 0.662745
0.820513 0.256410 0.701923
0.846154 0.256410 0.742479
0.871795 0.256410 0.784338
0.897436 0.256410 0.827475
0.923077 0.256410 0.871811
0.948718 0.256410 0.917549
0.974359 0.256410 0.964598
1.000000 0.256410 1.012909

0 0.282051 0.075625
0.025641 0.282051 0.075900
0.051282 0.282051 0.077426
0.076923 0.282051 0.080204
0.102564 0.282051 0.084241
0.128205 0.282051 0.089554
0.153846 0.282051 0.096162
0.179487 0.282051 0.104107
0.205128 0.282051 0.113386
0.230769 0.282051 0.124067
0.256410 0.282051 0.136073
0.282051 0.282051 0.149437
0.307692 0.282051 0.164134
0.333333 0.282051 0.180054
0.358974 0.282051 0.197224
0.384615 0.282051 0.215680
0.410256 0.282051 0.235379
0.435897 0.282051 0.256287
0.461538 0.282051 0.278417
0.487179 0.282051 0.301765
0.512821 0.282051 0.326295
0.538462 0.282051 0.351981
0.564103 0.282051 0.378847
0.589744 0.282051 0.406930
0.615385 0.282051 0.436244
0.641026 0.282051 0.466771
0.666667 0.282051 0.498497
0.692308 0.282051 0.531423
0.717949 0.282051 0.565572
0.743590 0.282051 0.601030
0.769231 0.282051 0.637875
0.794872 0.282051 0.675973
0.820513 0.282051 0.715167
0.846154 0.282051 0.755676
0.871795 0.282051 0.797497
0.897436 0.282051 0.840686
0.923077 0.282051 0.885052
0.948718 0.282051 0.930759
0.974359 0.282051 0.977776
1.000000 0.282051 1.026062

0 0.307692 0.090000
0.025641 0.307692 0.090335
0.051282 0.307692 0.091907
0.076923 0.307692 0.094729
0.102564 0.307692 0.098805
0.128205 0.307692 0.104150
0.153846 0.307692 0.110783
0.179487 0.307692 0.118750
0.205128 0.307692 0.128048
0.230769 0.307692 0.138747
0.256410 0.307692 0.150764
0.282051 0.307692 0.164134
0.307692 0.307692 0.178828
0.333333 0.307692 0.194730
0.358974 0.307692 0.211872
0.384615 0.307692 0.230297
0.410256 0.307692 0.249964
0.435897 0.307692 0.270838
0.461538 0.307692 0.292935
0.487179 0.307692 0.316254
0.512821 0.307692 0.340759
0.538462 0.307692 0.366430
0.564103 0.307692 0.393287
0.589744 0.307692 0.421351
0.615385 0.307692 0.450618
0.641026 0.307692 0.481095
0.666667 0.307692 0.512830
0.692308 0.307692 0.545837
0.717949 0.307692 0.580036
0.743590 0.307692 0.615409
0.769231 0.307692 0.652156
0.794872 0.307692 0.690324
0.820513 0.307692 0.729621
0.846154 0.307692 0.770157
0.871795 0.307692 0.811920
0.897436 0.307692 0.855100
0.923077 0.307692 0.899488
0.948718 0.307692 0.945186
0.974359 0.307692 0.992175
1.000000 0.307692 1.040441

0 0.333333 0.105625
0.025641 0.333333 0.106009
0.051282 0.333333 0.107643
0.076923 0.333333 0.110518
0.102564 0.333333 0.114637
0.128205 0.333333 0.120016
0.153846 0.333333 0.126675
0.179487 0.333333 0.134660
0.205128 0.333333 0.143969
0.230769 0.333333 0.154676
0.256410 0.333333 0.166693
0.282051 0.333333 0.180054
0.307692 0.333333 0.194730
0.333333 0.333333 0.210597
0.358974 0.333333 0.227692
0.384615 0.333333 0.246069
0.410256 0.333333 0.265687
0.435897 0.333333 0.286514
0.461538 0.333333 0.308564
0.487179 0.333333 0.331839
0.512821 0.333333 0.356308
0.538462 0.333333 0.381964
0.564103 0.333333 0.408838
0.589744 0.333333 0.436938
0.615385 0.333333 0.466218
0.641026 0.333333 0.496656
0.666667 0.333333 0.528337
0.692308 0.333333 0.561358
0.717949 0.333333 0.595645
0.743590 0.333333 0.631061
0.769231 0.333333 0.667732
0.794872 0.333333 0.705841
0.820513 0.333333 0.745188
0.846154 0.333333 0.785800
0.871795 0.333333 0.827552
0.897436 0.333333 0.870701
0.923077 0.333333 0.915088
0.948718 0.333333 0.960787
0.974359 0.333333 1.007769
1.000000 0.333333 1.056038

0 0.358974 0.122500
0.025641 0.358974 0.122945
0.051282 0.358974 0.124648
0.076923 0.358974 0.127582
0.102564 0.358974 0.131749
0.128205 0.358974 0.137165
0.153846 0.358974 0.143849
0.179487 0.358974 0.151851
0.205128 0.358974 0.161166
0.230769 0.358974 0.171874
0.256410 0.358974 0.183881
0.282051 0.358974 0.197224
0.307692 0.358974 0.211872
0.333333 0.358974 0.227692
0.358974 0.358974 0.244729
0.384615 0.358974 0.263048
0.410256 0.358974 0.282609
0.435897 0.358974 0.303383
0.461538 0.358974 0.325385
0.487179 0.358974 0.348610
0.512821 0.358974 0.373027
0.538462 0.358974 0.398642
0.564103 0.358974 0.425508
0.589744 0.358974 0.453646
0.615385 0.358974 0.482990
0.641026 0.358974 0.513465
0.666667 0.358974 0.545121
0.692308 0.358974 0.578093
0.717949 0.358974 0.612388
0.743590 0.358974 0.647876
0.769231 0.358974 0.684569
0.794872 0.358974 0.722603
0.820513 0.358974 0.761915
0.846154 0.358974 0.802574
0.871795 0.358974 0.844346
0.897436 0.358974 0.887480
0.923077 0.358974 0.931863
0.948718 0.358974 0.977572
0.974359 0.358974 1.024571
1.000000 0.358974 1.072869

0 0.384615 0.140625
0.025641 0.384615 0.141156
0.051282 0.384615 0.142932
0.076923 0.384615 0.145930
0.102564 0.384615 0.150150
0.128205 0.384615 0.155608
0.153846 0.384615 0.162320
0.179487 0.384615 0.170339
0.205128 0.384615 0.179658
0.230769 0.384615 0.190365
0.256410 0.384615 0.202359
0.282051 0.384615 0.215680
0.307692 0.384615 0.230297
0.333333 0.384615 0.246069
0.358974 0.384615 0.263048
0.384615 0.384615 0.281306
0.410256 0.384615 0.300812
0.435897 0.384615 0.321538
0.461538 0.384615 0.343502
0.487179 0.384615 0.366695
0.512821 0.384615 0.391073
0.538462 0.384615 0.416642
0.564103 0.384615 0.443469
0.589744 0.384615 0.471598
0.615385 0.384615 0.500974
0.641026 0.384615 0.531511
0.666667 0.384615 0.563208
0.692308 0.384615 0.596150
0.717949 0.384615 0.630381
0.743590 0.384615 0.665867
0.769231 0.384615 0.702609
0.794872 0.384615 0.740616
0.820513 0.384615 0.779870
0.846154 0.384615 0.820531
0.871795 0.384615 0.862332
0.897436 0.384615 0.905481
0.923077 0.384615 0.949879
0.948718 0.384615 0.995616
0.974359 0.384615 1.042650
1.000000 0.384615 1.090980

0 0.410256 0.160000
0.025641 0.410256 0.160619
0.051282 0.410256 0.162468
0.076923 0.410256 0.165532
0.102564 0.410256 0.169809
0.128205 0.410256 0.175310
0.153846 0.410256 0.182050
0.179487 0.410256 0.190084
0.205128 0.410256 0.199403
0.230769 0.410256 0.210105
0.256410 0.410256 0.222081
0.282051 0.410256 0.235379
0.307692 0.410256 0.249964
0.333333 0.410256 0.265687
0.358974 0.410256 0.282609
0.384615 0.410256 0.300812
0.410256 0.410256 0.320264
0.435897 0.410256 0.340944
0.461538 0.410256 0.362878
0.487179 0.410256 0.386053
0.512821 0.410256 0.410417
0.538462 0.410256 0.435964
0.564103 0.410256 0.462760
0.589744 0.410256 0.490855
0.615385 0.410256 0.520213
0.641026 0.410256 0.550770
0.666667 0.410256 0.582524
0.692308 0.410256 0.615496
0.717949 0.410256 0.649676
0.743590 0.410256 0.685103
0.769231 0.410256 0.721867
0.794872 0.410256 0.759891
0.820513 0.410256 0.799119
0.846154 0.410256 0.839779
0.871795 0.410256 0.881615
0.897436 0.410256 0.924806
0.923077 0.410256 0.969244
0.948718 0.410256 1.015019
0.974359 0.410256 1.062079
1.000000 0.410256 1.110407

0 0.435897 0.180625
0.025641 0.435897 0.181317
0.051282 0.435897 0.183240
0.076923 0.435897 0.186372
0.102564 0.435897 0.190706
0.128205 0.435897 0.196250
0.153846 0.435897 0.203015
0.179487 0.435897 0.211058
0.205128 0.435897 0.220372
0.230769 0.435897 0.231062
0.256410 0.435897 0.243016
0.282051 0.435897 0.256287
0.307692 0.435897 0.270838
0.333333 0.435897 0.286514
0.358974 0.435897 0.303383
0.384615 0.435897 0.321538
0.410256 0.435897 0.340944
0.435897 0.435897 0.361581
0.461538 0.435897 0.383485
0.487179 0.435897 0.406645
0.512821 0.435897 0.431003
0.538462 0.435897 0.456545
0.564103 0.435897 0.483334
0.589744 0.435897 0.511410
0.615385 0.435897 0.540733
0.641026 0.435897 0.571266
0.666667 0.435897 0.603048
0.692308 0.435897 0.636081
0.717949 0.435897 0.670271
0.743590 0.435897 0.705655
0.769231 0.435897 0.742421
0.794872 0.435897 0.780482
0.820513 0.435897 0.819732
0.846154 0.435897 0.860416
0.871795 0.435897 0.902296
0.897436 0.435897 0.945540
0.923077 0.435897 0.990021
0.948718 0.435897 1.035819
0.974359 0.435897 1.082869
1.000000 0.435897 1.131140

0 0.461538 0.202500
0.025641 0.461538 0.203262
0.051282 0.461538 0.205261
0.076923 0.461538 0.208463
0.102564 0.461538 0.212854
0.128205 0.461538 0.218438
0.153846 0.461538 0.225224
0.179487 0.461538 0.233274
0.205128 0.461538 0.242577
0.230769 0.461538 0.253249
0.256410 0.461538 0.265176
0.282051 0.461538 0.278417
0.307692 0.461538 0.292935
0.333333 0.461538 0.308564
0.358974 0.461538 0.325385
0.384615 0.461538 0.343502
0.410256 0.461538 0.362878
0.435897 0.461538 0.383485
0.461538 0.461538 0.405363
0.487179 0.461538 0.428509
0.512821 0.461538 0.452859
0.538462 0.461538 0.478395
0.564103 0.461538 0.505182
0.589744 0.461538 0.533256
0.615385 0.461538 0.562557
0.641026 0.461538 0.593051
0.666667 0.461538 0.624824
0.692308 0.461538 0.657908
0.717949 0.461538 0.692153
0.743590 0.461538 0.727542
0.769231 0.461538 0.764319
0.794872 0.461538 0.802424
0.820513 0.461538 0.841723
0.846154 0.461538 0.882449
0.871795 0.461538 0.924373
0.897436 0.461538 0.967656
0.923077 0.461538 1.012154
0.948718 0.461538 1.057936
0.974359 0.461538 1.104930
1.000000 0.461538 1.153110

0 0.487179 0.225625
0.025641 0.487179 0.226464
0.051282 0.487179 0.228541
0.076923 0.487179 0.231810
0.102564 0.487179 0.236254
0.128205 0.487179 0.241875
0.153846 0.487179 0.248679
0.179487 0.487179 0.256730
0.205128 0.487179 0.266016
0.230769 0.487179 0.276664
0.256410 0.487179 0.288556
0.282051 0.487179 0.301765
0.307692 0.487179 0.316254
0.333333 0.487179 0.331839
0.358974 0.487179 0.348610
0.384615 0.487179 0.366695
0.410256 0.487179 0.386053
0.435897 0.487179 0.406645
0.461538 0.487179 0.428509
0.487179 0.487179 0.451648
0.512821 0.487179 0.475991
0.538462 0.487179 0.501516
0.564103 0.487179 0.528294
0.589744 0.487179 0.556366
0.615385 0.487179 0.585660
0.641026 0.487179 0.616125
0.666667 0.487179 0.647871
0.692308 0.487179 0.680978
0.717949 0.487179 0.715285
0.743590 0.487179 0.750716
0.769231 0.487179 0.787522
0.794872 0.487179 0.825670
0.820513 0.487179 0.865015
0.846154 0.487179 0.905779
0.871795 0.487179 0.947724
0.897436 0.487179 0.991010
0.923077 0.487179 1.035484
0.948718 0.487179 1.081212
0.974359 0.487179 1.128129
1.000000 0.487179 1.176237

0 0.512821 0.250000
0.025641 0.512821 0.250917
0.051282 0.512821 0.253064
0.076923 0.512821 0.256392
0.102564 0.512821 0.260881
0.128205 0.512821 0.266532
0.153846 0.512821 0.273347
0.179487 0.512821 0.281391
0.205128 0.512821 0.290654
0.230769 0.512821 0.301271
0.256410 0.512821 0.313121
0.282051 0.512821 0.326295
0.307692 0.512821 0.340759
0.333333 0.512821 0.356308
0.358974 0.512821 0.373027
0.384615 0.512821 0.391073
0.410256 0.512821 0.410417
0.435897 0.512821 0.431003
0.461538 0.512821 0.452859
0.487179 0.512821 0.475991
0.512821 0.512821 0.500329
0.538462 0.512821 0.525845
0.564103 0.512821 0.552609
0.589744 0.512821 0.580675
0.615385 0.512821 0.609971
0.641026 0.512821 0.640427
0.666667 0.512821 0.672154
0.692308 0.512821 0.705270
0.717949 0.512821 0.739627
0.743590 0.512821 0.775113
0.769231 0.512821 0.811959
0.794872 0.512821 0.850141
0.820513 0.512821 0.889513
0.846154 0.512821 0.930287
0.871795 0.512821 0.972220
0.897436 0.512821 1.015472
0.923077 0.512821 1.059891
0.948718 0.512821 1.105554
0.974359 0.512821 1.152418
1.000000 0.512821 1.200525

0 0.538462 0.275625
0.025641 0.538462 0.276606
0.051282 0.538462 0.278808
0.076923 0.538462 0.282182
0.102564 0.538462 0.286706
0.128205 0.538462 0.292377
0.153846 0.538462 0.299194
0.179487 0.538462 0.307224
0.205128 0.538462 0.316458
0.230769 0.538462 0.327040
0.256410 0.538462 0.338846
0.282051 0.538462 0.351981
0.307692 0.538462 0.366430
0.333333 0.538462 0.381964
0.358974 0.538462 0.398642
0.384615 0.538462 0.416642
0.410256 0.538462 0.435964
0.435897 0.538462 0.456545
0.461538 0.538462 0.478395
0.487179 0.538462 0.501516
0.512821 0.538462 0.525845
0.538462 0.538462 0.551351
0.564103 0.538462 0.578103
0.589744 0.538462 0.606164
0.615385 0.538462 0.635468
0.641026 0.538462 0.665938
0.666667 0.538462 0.697673
0.692308 0.538462 0.730806
0.717949 0.538462 0.765207
0.743590 0.538462 0.800746
0.769231 0.538462 0.837630
0.794872 0.538462 0.875834
0.820513 0.538462 0.915207
0.846154 0.538462 0.955963
0.871795 0.538462 0.997857
0.897436 0.538462 1.041057
0.923077 0.538462 1.085423
0.948718 0.538462 1.131052
0.974359 0.538462 1.177924
1.000000 0.538462 1.226091

0 0.564103 0.302500
0.025641 0.564103 0.303524
0.051282 0.564103 0.305764
0.076923 0.564103 0.309170
0.102564 0.564103 0.313718
0.128205 0.564103 0.319401
0.153846 0.564103 0.326215
0.179487 0.564103 0.334227
0.205128 0.564103 0.343430
0.230769 0.564103 0.353984
0.256410 0.564103 0.365751
0.282051 0.564103 0.378847
0.307692 0.564103 0.393287
0.333333 0.564103 0.408838
0.358974 0.564103 0.425508
0.384615 0.564103 0.443469
0.410256 0.564103 0.462760
0.435897 0.564103 0.483334
0.461538 0.564103 0.505182
0.487179 0.564103 0.528294
0.512821 0.564103 0.552609
0.538462 0.564103 0.578103
0.564103 0.564103 0.604847
0.589744 0.564103 0.632909
0.615385 0.564103 0.662232
0.641026 0.564103 0.692734
0.666667 0.564103 0.724504
0.692308 0.564103 0.757674
0.717949 0.564103 0.792120
0.743590 0.564103 0.827704
0.769231 0.564103 0.864620
0.794872 0.564103 0.902830
0.820513 0.564103 0.942186
0.846154 0.564103 0.982907
0.871795 0.564103 1.024757
0.897436 0.564103 1.067919
0.923077 0.564103 1.112268
0.948718 0.564103 1.157917
0.974359 0.564103 1.204843
1.000000 0.564103 1.253056

0 0.589744 0.330625
0.025641 0.589744 0.331673
0.051282 0.589744 0.333937
0.076923 0.589744 0.337365
0.102564 0.589744 0.341929
0.128205 0.589744 0.347621
0.153846 0.589744 0.354430
0.179487 0.589744 0.362423
0.205128 0.589744 0.371594
0.230769 0.589744 0.382127
0.256410 0.589744 0.393873
0.282051 0.589744 0.406930
0.307692 0.589744 0.421351
0.333333 0.589744 0.436938
0.358974 0.589744 0.453646
0.384615 0.589744 0.471598
0.410256 0.589744 0.490855
0.435897 0.589744 0.511410
0.461538 0.589744 0.533256
0.487179 0.589744 0.556366
0.512821 0.589744 0.580675
0.538462 0.589744 0.606164
0.564103 0.589744 0.632909
0.589744 0.589744 0.660982
0.615385 0.589744 0.690331
0.641026 0.589744 0.720877
0.666667 0.589744 0.752697
0.692308 0.589744 0.785914
0.717949 0.589744 0.820403
0.743590 0.589744 0.856020
0.769231 0.589744 0.892952
0.794872 0.589744 0.931155
0.820513 0.589744 0.970486
0.846154 0.589744 1.011177
0.871795 0.589744 1.053002
0.897436 0.589744 1.096163
0.923077 0.589744 1.140539
0.948718 0.589744 1.186238
0.974359 0.589744 1.233201
1.000000 0.589744 1.281367

0 0.615385 0.360000
0.025641 0.615385 0.361060
0.051282 0.615385 0.363340
0.076923 0.615385 0.366781
0.102564 0.615385 0.371353
0.128205 0.615385 0.377048
0.153846 0.615385 0.383853
0.179487 0.615385 0.391828
0.205128 0.615385 0.400961
0.230769 0.615385 0.411468
0.256410 0.615385 0.423210
0.282051 0.615385 0.436244
0.307692 0.615385 0.450618
0.333333 0.615385 0.466218
0.358974 0.615385 0.482990
0.384615 0.615385 0.500974
0.410256 0.615385 0.520213
0.435897 0.615385 0.540733
0.461538 0.615385 0.562557
0.487179 0.615385 0.585660
0.512821 0.615385 0.609971
0.538462 0.615385 0.635468
0.564103 0.615385 0.662232
0.589744 0.615385 0.690331
0.615385 0.615385 0.719716
0.641026 0.615385 0.750305
0.666667 0.615385 0.782171
0.692308 0.615385 0.815427
0.717949 0.615385 0.849944
0.743590 0.615385 0.885574
0.769231 0.615385 0.922503
0.794872 0.615385 0.960692
0.820513 0.615385 1.000001
0.846154 0.615385 1.040681
0.871795 0.615385 1.082511
0.897436 0.615385 1.125701
0.923077 0.615385 1.170119
0.948718 0.615385 1.215842
0.974359 0.615385 1.262765
1.000000 0.615385 1.310799

0 0.641026 0.390625
0.025641 0.641026 0.391689
0.051282 0.641026 0.393973
0.076923 0.641026 0.397417
0.102564 0.641026 0.401986
0.128205 0.641026 0.407673
0.153846 0.641026 0.414469
0.179487 0.641026 0.422431
0.205128 0.641026 0.431521
0.230769 0.641026 0.441981
0.256410 0.641026 0.453723
0.282051 0.641026 0.466771
0.307692 0.641026 0.481095
0.333333 0.641026 0.496656
0.358974 0.641026 0.513465
0.384615 0.641026 0.531511
0.410256 0.641026 0.550770
0.435897 0.641026 0.571266
0.461538 0.641026 0.593051
0.487179 0.641026 0.616125
0.512821 0.641026 0.640427
0.538462 0.641026 0.665938
0.564103 0.641026 0.692734
0.589744 0.641026 0.720877
0.615385 0.641026 0.750305
0.641026 0.641026 0.780931
0.666667 0.641026 0.812826
0.692308 0.641026 0.846100
0.717949 0.641026 0.880620
0.743590 0.641026 0.916241
0.769231 0.641026 0.953155
0.794872 0.641026 0.991330
0.820513 0.641026 1.030634
0.846154 0.641026 1.071325
0.871795 0.641026 1.113181
0.897436 0.641026 1.156402
0.923077 0.641026 1.200827
0.948718 0.641026 1.246507
0.974359 0.641026 1.293321
1.000000 0.641026 1.341256

0 0.666667 0.422500
0.025641 0.666667 0.423556
0.051282 0.666667 0.425833
0.076923 0.666667 0.429265
0.102564 0.666667 0.433818
0.128205 0.666667 0.439482
0.153846 0.666667 0.446257
0.179487 0.666667 0.454218
0.205128 0.666667 0.463284
0.230769 0.666667 0.473679
0.256410 0.666667 0.485396
0.282051 0.666667 0.498497
0.307692 0.666667 0.512830
0.333333 0.666667 0.528337
0.358974 0.666667 0.545121
0.384615 0.666667 0.563208
0.410256 0.666667 0.582524
0.435897 0.666667 0.603048
0.461538 0.666667 0.624824
0.487179 0.666667 0.647871
0.512821 0.666667 0.672154
0.538462 0.666667 0.697673
0.564103 0.666667 0.724504
0.589744 0.666667 0.752697
0.615385 0.666667 0.782171
0.641026 0.666667 0.812826
0.666667 0.666667 0.844731
0.692308 0.666667 0.878001
0.717949 0.666667 0.912505
0.743590 0.666667 0.948105
0.769231 0.666667 0.985008
0.794872 0.666667 1.023185
0.820513 0.666667 1.062505
0.846154 0.666667 1.103224
0.871795 0.666667 1.145102
0.897436 0.666667 1.188322
0.923077 0.666667 1.232700
0.948718 0.666667 1.278285
0.974359 0.666667 1.325013
1.000000 0.666667 1.373002

0 0.692308 0.455625
0.025641 0.692308 0.456660
0.051282 0.692308 0.458911
0.076923 0.692308 0.462319
0.102564 0.692308 0.466848
0.128205 0.692308 0.472479
0.153846 0.692308 0.479220
0.179487 0.692308 0.487187
0.205128 0.692308 0.496280
0.230769 0.692308 0.506639
0.256410 0.692308 0.518289
0.282051 0.692308 0.531423
0.307692 0.692308 0.545837
0.333333 0.692308 0.561358
0.358974 0.692308 0.578093
0.384615 0.692308 0.596150
0.410256 0.692308 0.615496
0.435897 0.692308 0.636081
0.461538 0.692308 0.657908
0.487179 0.692308 0.680978
0.512821 0.692308 0.705270
0.538462 0.692308 0.730806
0.564103 0.692308 0.757674
0.589744 0.692308 0.785914
0.615385 0.692308 0.815427
0.641026 0.692308 0.846100
0.666667 0.692308 0.878001
0.692308 0.692308 0.911252
0.717949 0.692308 0.945736
0.743590 0.692308 0.981325
0.769231 0.692308 1.018235
0.794872 0.692308 1.056438
0.820513 0.692308 1.095790
0.846154 0.692308 1.136535
0.871795 0.692308 1.178409
0.897436 0.692308 1.221584
0.923077 0.692308 1.265880
0.948718 0.692308 1.311393
0.974359 0.692308 1.358144
1.000000 0.692308 1.406292

0 0.717949 0.490000
0.025641 0.717949 0.490998
0.051282 0.717949 0.493211
0.076923 0.717949 0.496582
0.102564 0.717949 0.501089
0.128205 0.717949 0.506700
0.153846 0.717949 0.513396
0.179487 0.717949 0.521346
0.205128 0.717949 0.530502
0.230769 0.717949 0.540906
0.256410 0.717949 0.552502
0.282051 0.717949 0.565572
0.307692 0.717949 0.580036
0.333333 0.717949 0.595645
0.358974 0.717949 0.612388
0.384615 0.717949 0.630381
0.410256 0.717949 0.649676
0.435897 0.717949 0.670271
0.461538 0.717949 0.692153
0.487179 0.717949 0.715285
0.512821 0.717949 0.739627
0.538462 0.717949 0.765207
0.564103 0.717949 0.792120
0.589744 0.717949 0.820403
0.615385 0.717949 0.849944
0.641026 0.717949 0.880620
0.666667 0.717949 0.912505
0.692308 0.717949 0.945736
0.717949 0.717949 0.980209
0.743590 0.717949 1.015807
0.769231 0.717949 1.052747
0.794872 0.717949 1.090989
0.820513 0.717949 1.130369
0.846154 0.717949 1.171112
0.871795 0.717949 1.212943
0.897436 0.717949 1.256047
0.923077 0.717949 1.300282
0.948718 0.717949 1.345808
0.974359 0.717949 1.392666
1.000000 0.717949 1.440851

0 0.743590 0.525625
0.025641 0.743590 0.526578
0.051282 0.743590 0.528746
0.076923 0.743590 0.532072
0.102564 0.743590 0.536554
0.128205 0.743590 0.542168
0.153846 0.743590 0.548834
0.179487 0.743590 0.556720
0.205128 0.743590 0.565893
0.230769 0.743590 0.576392
0.256410 0.743590 0.588054
0.282051 0.743590 0.601030
0.307692 0.743590 0.615409
0.333333 0.743590 0.631061
0.358974 0.743590 0.647876
0.384615 0.743590 0.665867
0.410256 0.743590 0.685103
0.435897 0.743590 0.705655
0.461538 0.743590 0.727542
0.487179 0.743590 0.750716
0.512821 0.743590 0.775113
0.538462 0.743590 0.800746
0.564103 0.743590 0.827704
0.589744 0.743590 0.856020
0.615385 0.743590 0.885574
0.641026 0.743590 0.916241
0.666667 0.743590 0.948105
0.692308 0.743590 0.981325
0.717949 0.743590 1.015807
0.743590 0.743590 1.051433
0.769231 0.743590 1.088413
0.794872 0.743590 1.126687
0.820513 0.743590 1.166065
0.846154 0.743590 1.206771
0.871795 0.743590 1.248537
0.897436 0.743590 1.291589
0.923077 0.743590 1.335828
0.948718 0.743590 1.381437
0.974359 0.743590 1.428358
1.000000 0.743590 1.476336

0 0.769231 0.562500
0.025641 0.769231 0.563405
0.051282 0.769231 0.565530
0.076923 0.769231 0.568805
0.102564 0.769231 0.573237
0.128205 0.769231 0.578855
0.153846 0.769231 0.585540
0.179487 0.769231 0.593372
0.205128 0.769231 0.602481
0.230769 0.769231 0.612991
0.256410 0.769231 0.624832
0.282051 0.769231 0.637875
0.307692 0.769231 0.652156
0.333333 0.769231 0.667732
0.358974 0.769231 0.684569
0.384615 0.769231 0.702609
0.410256 0.769231 0.721867
0.435897 0.769231 0.742421
0.461538 0.769231 0.764319
0.487179 0.769231 0.787522
0.512821 0.769231 0.811959
0.538462 0.769231 0.837630
0.564103 0.769231 0.864620
0.589744 0.769231 0.892952
0.615385 0.769231 0.922503
0.641026 0.769231 0.953155
0.666667 0.769231 0.985008
0.692308 0.769231 1.018235
0.717949 0.769231 1.052747
0.743590 0.769231 1.088413
0.769231 0.769231 1.125427
0.794872 0.769231 1.163707
0.820513 0.769231 1.203053
0.846154 0.769231 1.243707
0.871795 0.769231 1.285429
0.897436 0.769231 1.328489
0.923077 0.769231 1.372795
0.948718 0.769231 1.418465
0.974359 0.769231 1.465312
1.000000 0.769231 1.513120

0 0.794872 0.600625
0.025641 0.794872 0.601480
0.051282 0.794872 0.603567
0.076923 0.794872 0.606795
0.102564 0.794872 0.611150
0.128205 0.794872 0.616727
0.153846 0.794872 0.623459
0.179487 0.794872 0.631337
0.205128 0.794872 0.640436
0.230769 0.794872 0.650834
0.256410 0.794872 0.662745
0.282051 0.794872 0.675973
0.307692 0.794872 0.690324
0.333333 0.794872 0.705841
0.358974 0.794872 0.722603
0.384615 0.794872 0.740616
0.410256 0.794872 0.759891
0.435897 0.794872 0.780482
0.461538 0.794872 0.802424
0.487179 0.794872 0.825670
0.512821 0.794872 0.850141
0.538462 0.794872 0.875834
0.564103 0.794872 0.902830
0.589744 0.794872 0.931155
0.615385 0.794872 0.960692
0.641026 0.794872 0.991330
0.666667 0.794872 1.023185
0.692308 0.794872 1.056438
0.717949 0.794872 1.090989
0.743590 0.794872 1.126687
0.769231 0.794872 1.163707
0.794872 0.794872 1.201961
0.820513 0.794872 1.241259
0.846154 0.794872 1.281879
0.871795 0.794872 1.323608
0.897436 0.794872 1.366726
0.923077 0.794872 1.411086
0.948718 0.794872 1.456707
0.974359 0.794872 1.503384
1.000000 0.794872 1.551394

0 0.820513 0.640000
0.025641 0.820513 0.640801
0.051282 0.820513 0.642843
0.076923 0.820513 0.646046
0.102564 0.820513 0.650347
0.128205 0.820513 0.655844
0.153846 0.820513 0.662563
0.179487 0.820513 0.670516
0.205128 0.820513 0.679745
0.230769 0.820513 0.690118
0.256410 0.820513 0.701923
0.282051 0.820513 0.715167
0.307692 0.820513 0.729621
0.333333 0.820513 0.745188
0.358974 0.820513 0.761915
0.384615 0.820513 0.779870
0.410256 0.820513 0.799119
0.435897 0.820513 0.819732
0.461538 0.820513 0.841723
0.487179 0.820513 0.865015
0.512821 0.820513 0.889513
0.538462 0.820513 0.915207
0.564103 0.820513 0.942186
0.589744 0.820513 0.970486
0.615385 0.820513 1.000001
0.641026 0.820513 1.030634
0.666667 0.820513 1.062505
0.692308 0.820513 1.095790
0.717949 0.820513 1.130369
0.743590 0.820513 1.166065
0.769231 0.820513 1.203053
0.794872 0.820513 1.241259
0.820513 0.820513 1.280520
0.846154 0.820513 1.321148
0.871795 0.820513 1.362925
0.897436 0.820513 1.406089
0.923077 0.820513 1.450415
0.948718 0.820513 1.495905
0.974359 0.820513 1.542508
1.000000 0.820513 1.590697

0 0.846154 0.680625
0.025641 0.846154 0.681371
0.051282 0.846154 0.683354
0.076923 0.846154 0.686539
0.102564 0.846154 0.690845
0.128205 0.846154 0.696304
0.153846 0.846154 0.702946
0.179487 0.846154 0.710858
0.205128 0.846154 0.720144
0.230769 0.846154 0.730661
0.256410 0.846154 0.742479
0.282051 0.846154 0.755676
0.307692 0.846154 0.770157
0.333333 0.846154 0.785800
0.358974 0.846154 0.802574
0.384615 0.846154 0.820531
0.410256 0.846154 0.839779
0.435897 0.846154 0.860416
0.461538 0.846154 0.882449
0.487179 0.846154 0.905779
0.512821 0.846154 0.930287
0.538462 0.846154 0.955963
0.564103 0.846154 0.982907
0.589744 0.846154 1.011177
0.615385 0.846154 1.040681
0.641026 0.846154 1.071325
0.666667 0.846154 1.103224
0.692308 0.846154 1.136535
0.717949 0.846154 1.171112
0.743590 0.846154 1.206771
0.769231 0.846154 1.243707
0.794872 0.846154 1.281879
0.820513 0.846154 1.321148
0.846154 0.846154 1.361827
0.871795 0.846154 1.403647
0.897436 0.846154 1.446785
0.923077 0.846154 1.490993
0.948718 0.846154 1.536416
0.974359 0.846154 1.583254
1.000000 0.846154 1.631267

0 0.871795 0.722500
0.025641 0.871795 0.723203
0.051282 0.871795 0.725126
0.076923 0.871795 0.728260
0.102564 0.871795 0.732561
0.128205 0.871795 0.738045
0.153846 0.871795 0.744678
0.179487 0.871795 0.752579
0.205128 0.871795 0.761838
0.230769 0.871795 0.772449
0.256410 0.871795 0.784338
0.282051 0.871795 0.797497
0.307692 0.871795 0.811920
0.333333 0.871795 0.827552
0.358974 0.871795 0.844346
0.384615 0.871795 0.862332
0.410256 0.871795 0.881615
0.435897 0.871795 0.902296
0.461538 0.871795 0.924373
0.487179 0.871795 0.947724
0.512821 0.871795 0.972220
0.538462 0.871795 0.997857
0.564103 0.871795 1.024757
0.589744 0.871795 1.053002
0.615385 0.871795 1.082511
0.641026 0.871795 1.113181
0.666667 0.871795 1.145102
0.692308 0.871795 1.178409
0.717949 0.871795 1.212943
0.743590 0.871795 1.248537
0.769231 0.871795 1.285429
0.794872 0.871795 1.323608
0.820513 0.871795 1.362925
0.846154 0.871795 1.403647
0.871795 0.871795 1.445439
0.897436 0.871795 1.488470
0.923077 0.871795 1.532580
0.948718 0.871795 1.578058
0.974359 0.871795 1.625092
1.000000 0.871795 1.673147

0 0.897436 0.765625
0.025641 0.897436 0.766299
0.051282 0.897436 0.768188
0.076923 0.897436 0.771263
0.102564 0.897436 0.775514
0.128205 0.897436 0.781010
0.153846 0.897436 0.787720
0.179487 0.897436 0.795630
0.205128 0.897436 0.804851
0.230769 0.897436 0.815495
0.256410 0.897436 0.827475
0.282051 0.897436 0.840686
0.307692 0.897436 0.855100
0.333333 0.897436 0.870701
0.358974 0.897436 0.887480
0.384615 0.897436 0.905481
0.410256 0.897436 0.924806
0.435897 0.897436 0.945540
0.461538 0.897436 0.967656
0.487179 0.897436 0.991010
0.512821 0.897436 1.015472
0.538462 0.897436 1.041057
0.564103 0.897436 1.067919
0.589744 0.897436 1.096163
0.615385 0.897436 1.125701
0.641026 0.897436 1.156402
0.666667 0.897436 1.188322
0.692308 0.897436 1.221584
0.717949 0.897436 1.256047
0.743590 0.897436 1.291589
0.769231 0.897436 1.328489
0.794872 0.897436 1.366726
0.820513 0.897436 1.406089
0.846154 0.897436 1.446785
0.871795 0.897436 1.488470
0.897436 0.897436 1.531415
0.923077 0.897436 1.575598
0.948718 0.897436 1.621316
0.974359 0.897436 1.668095
1.000000 0.897436 1.716204

0 0.923077 0.810000
0.025641 0.923077 0.810642
0.051282 0.923077 0.812518
0.076923 0.923077 0.815596
0.102564 0.923077 0.819862
0.128205 0.923077 0.825284
0.153846 0.923077 0.832034
0.179487 0.923077 0.840005
0.205128 0.923077 0.849231
0.230769 0.923077 0.859838
0.256410 0.923077 0.871811
0.282051 0.923077 0.885052
0.307692 0.923077 0.899488
0.333333 0.923077 0.915088
0.358974 0.923077 0.931863
0.384615 0.923077 0.949879
0.410256 0.923077 0.969244
0.435897 0.923077 0.990021
0.461538 0.923077 1.012154
0.487179 0.923077 1.035484
0.512821 0.923077 1.059891
0.538462 0.923077 1.085423
0.564103 0.923077 1.112268
0.589744 0.923077 1.140539
0.615385 0.923077 1.170119
0.641026 0.923077 1.200827
0.666667 0.923077 1.232700
0.692308 0.923077 1.265880
0.717949 0.923077 1.300282
0.743590 0.923077 1.335828
0.769231 0.923077 1.372795
0.794872 0.923077 1.411086
0.820513 0.923077 1.450415
0.846154 0.923077 1.490993
0.871795 0.923077 1.532580
0.897436 0.923077 1.575598
0.923077 0.923077 1.619944
0.948718 0.923077 1.665789
0.974359 0.923077 1.712576
1.000000 0.923077 1.760582

0 0.948718 0.855625
0.025641 0.948718 0.856240
0.051282 0.948718 0.858107
0.076923 0.948718 0.861172
0.102564 0.948718 0.865458
0.128205 0.948718 0.870924
0.153846 0.948718 0.877679
0.179487 0.948718 0.885712
0.205128 0.948718 0.895011
0.230769 0.948718 0.905619
0.256410 0.948718 0.917549
0.282051 0.948718 0.930759
0.307692 0.948718 0.945186
0.333333 0.948718 0.960787
0.358974 0.948718 0.977572
0.384615 0.948718 0.995616
0.410256 0.948718 1.015019
0.435897 0.948718 1.035819
0.461538 0.948718 1.057936
0.487179 0.948718 1.081212
0.512821 0.948718 1.105554
0.538462 0.948718 1.131052
0.564103 0.948718 1.157917
0.589744 0.948718 1.186238
0.615385 0.948718 1.215842
0.641026 0.948718 1.246507
0.666667 0.948718 1.278285
0.692308 0.948718 1.311393
0.717949 0.948718 1.345808
0.743590 0.948718 1.381437
0.769231 0.948718 1.418465
0.794872 0.948718 1.456707
0.820513 0.948718 1.495905
0.846154 0.948718 1.536416
0.871795 0.948718 1.578058
0.897436 0.948718 1.621316
0.923077 0.948718 1.665789
0.948718 0.948718 1.711038
0.974359 0.948718 1.758007
1.000000 0.948718 1.806395

0 0.974359 0.902500
0.025641 0.974359 0.903116
0.051282 0.974359 0.904966
0.076923 0.974359 0.908049
0.102564 0.974359 0.912346
0.128205 0.974359 0.917861
0.153846 0.974359 0.924621
0.179487 0.974359 0.932680
0.205128 0.974359 0.942039
0.230769 0.974359 0.952680
0.256410 0.974359 0.964598
0.282051 0.974359 0.977776
0.307692 0.974359 0.992175
0.333333 0.974359 1.007769
0.358974 0.974359 1.024571
0.384615 0.974359 1.042650
0.410256 0.974359 1.062079
0.435897 0.974359 1.082869
0.461538 0.974359 1.104930
0.487179 0.974359 1.128129
0.512821 0.974359 1.152418
0.538462 0.974359 1.177924
0.564103 0.974359 1.204843
0.589744 0.974359 1.233201
0.615385 0.974359 1.262765
0.641026 0.974359 1.293321
0.666667 0.974359 1.325013
0.692308 0.974359 1.358144
0.717949 0.974359 1.392666
0.743590 0.974359 1.428358
0.769231 0.974359 1.465312
0.794872 0.974359 1.503384
0.820513 0.974359 1.542508
0.846154 0.974359 1.583254
0.871795 0.974359 1.625092
0.897436 0.974359 1.668095
0.923077 0.974359 1.712576
0.948718 0.974359 1.758007
0.974359 0.974359 1.804906
1.000000 0.974359 1.853085

0 1.000000 0.950625
0.025641 1.000000 0.951229
0.051282 1.000000 0.953103
0.076923 1.000000 0.956191
0.102564 1.000000 0.960532
0.128205 1.000000 0.966106
0.153846 1.000000 0.972913
0.179487 1.000000 0.980992
0.205128 1.000000 0.990360
0.230769 1.000000 1.001003
0.256410 1.000000 1.012909
0.282051 1.000000 1.026062
0.307692 1.000000 1.040441
0.333333 1.000000 1.056038
0.358974 1.000000 1.072869
0.384615 1.000000 1.090980
0.410256 1.000000 1.110407
0.435897 1.000000 1.131140
0.461538 1.000000 1.153110
0.487179 1.000000 1.176237
0.512821 1.000000 1.200525
0.538462 1.000000 1.226091
0.564103 1.000000 1.253056
0.589744 1.000000 1.281367
0.615385 1.000000 1.310799
0.641026 1.000000 1.341256
0.666667 1.000000 1.373002
0.692308 1.000000 1.406292
0.717949 1.000000 1.440851
0.743590 1.000000 1.476336
0.769231 1.000000 1.513120
0.794872 1.000000 1.551394
0.820513 1.000000 1.590697
0.846154 1.000000 1.631267
0.871795 1.000000 1.673147
0.897436 1.000000 1.716204
0.923077 1.000000 1.760582
0.948718 1.000000 1.806395
0.974359 1.000000 1.853085
1.000000 1.000000 1.901418

