0.000000 0 0.000000
0.032258 0 0.000977
0.064516 0 0.003906
0.096774 0 0.008789
0.129032 0 0.015625
0.161290 0 0.024414
0.193548 0 0.035156
0.225806 0 0.047852
0.258065 0 0.062500
0.290323 0 0.079102
0.322581 0 0.097656
0.354839 0 0.118164
0.387097 0 0.140625
0.419355 0 0.165039
0.451613 0 0.191406
0.483871 0 0.219727
0.516129 0 0.250000
0.548387 0 0.282227
0.580645 0 0.316406
0.612903 0 0.352539
0.645161 0 0.390625
0.677419 0 0.430664
0.709677 0 0.472656
0.741935 0 0.516602
0.774194 0 0.562500
0.806452 0 0.610352
0.838710 0 0.660156
0.870968 0 0.711914
0.903226 0 0.765625
0.935484 0 0.821289
0.967742 0 0.878906
1.000000 0 0.938477

0 0.032258 0.000977
0.032258 0.032258 -0.000009
0.064516 0.032258 0.000919
0.096774 0.032258 0.003755
0.129032 0.032258 0.008470
0.161290 0.032258 0.015010
0.193548 0.032258 0.023306
0.225806 0.032258 0.033302
0.258065 0.032258 0.044945
0.290323 0.032258 0.058204
0.322581 0.032258 0.073048
0.354839 0.032258 0.089463
0.387097 0.032258 0.107428
0.419355 0.032258 0.126933
0.451613 0.032258 0.147959
0.483871 0.032258 0.170505
0.516129 0.032258 0.194568
0.548387 0.032258 0.220184
0.580645 0.032258 0.247398
0.612903 0.032258 0.276295
0.645161 0.032258 0.306938
0.677419 0.032258 0.339375
0.709677 0.032258 0.373567
0.741935 0.032258 0.409492
0.774194 0.032258 0.447331
0.806452 0.032258 0.488100
0.838710 0.032258 0.534643
0.870968 0.032258 0.593690
0.903226 0.032258 0.668385
0.935484 0.032258 0.754485
0.967742 0.032258 0.840429
1.000000 0.032258 0.921419

0 0.064516 0.003906
0.032258 0.064516 0.000919
0.064516 0.064516 -0.000161
0.096774 0.064516 0.000665
0.129032 0.064516 0.003343
0.161290 0.064516 0.007769
0.193548 0.064516 0.013815
0.225806 0.064516 0.021357
0.258065 0.064516 0.030298
0.290323 0.064516 0.040562
0.322581 0.064516 0.052094
0.354839 0.064516 0.064853
0.387097 0.064516 0.078804
0.419355 0.064516 0.093918
0.451613 0.064516 0.110169
0.483871 0.064516 0.127543
0.516129 0.064516 0.146052
0.548387 0.064516 0.165754
0.580645 0.064516 0.186753
0.612903 0.064516 0.209192
0.645161 0.064516 0.233200
0.677419 0.064516 0.258836
0.709677 0.064516 0.286042
0.741935 0.064516 0.314787
0.774194 0.064516 0.345527
0.806452 0.064516 0.380339
0.838710 0.064516 0.425421
0.870968 0.064516 0.491170
0.903226 0.064516 0.584117
0.935484 0.064516 0.694035
0.967742 0.064516 0.803904
1.000000 0.064516 0.905538

0 0.096774 0.008789
0.032258 0.096774 0.003758
0.064516 0.096774 0.000669
0.096774 0.096774 -0.000455
0.129032 0.096774 0.000328
0.161290 0.096774 0.002865
0.193548 0.096774 0.006965
0.225806 0.096774 0.012441
0.258065 0.096774 0.019139
0.290323 0.096774 0.026938
0.322581 0.096774 0.035752
0.354839 0.096774 0.045513
0.387097 0.096774 0.056169
0.419355 0.096774 0.067672
0.451613 0.096774 0.079986
0.483871 0.096774 0.093091
0.516129 0.096774 0.107011
0.548387 0.096774 0.121827
0.580645 0.096774 0.137694
0.612903 0.096774 0.154808
0.645161 0.096774 0.173346
0.677419 0.096774 0.193367
0.709677 0.096774 0.214791
0.741935 0.096774 0.237597
0.774194 0.096774 0.262504
0.806452 0.096774 0.292626
0.838710 0.096774 0.336487
0.870968 0.096774 0.408345
0.903226 0.096774 0.514307
0.935484 0.096774 0.643018
0.967742 0.096774 0.772457
1.000000 0.096774 0.892686

0 0.129032 0.015625
0.032258 0.129032 0.008477
0.064516 0.129032 0.003354
0.096774 0.129032 0.000337
0.129032 0.129032 -0.000629
0.161290 0.129032 0.000265
0.193548 0.129032 0.002762
0.225806 0.129032 0.006606
0.258065 0.129032 0.011579
0.290323 0.129032 0.017511
0.322581 0.129032 0.024278
0.354839 0.129032 0.031784
0.387097 0.129032 0.039954
0.419355 0.129032 0.048724
0.451613 0.129032 0.058045
0.483871 0.129032 0.067894
0.516129 0.129032 0.078303
0.548387 0.129032 0.089380
0.580645 0.129032 0.101321
0.612903 0.129032 0.114365
0.645161 0.129032 0.128722
0.677419 0.129032 0.144448
0.709677 0.129032 0.161438
0.741935 0.129032 0.179680
0.774194 0.129032 0.200098
0.806452 0.129032 0.226575
0.838710 0.129032 0.269711
0.870968 0.129032 0.345126
0.903226 0.129032 0.461069
0.935484 0.129032 0.603189
0.967742 0.129032 0.748146
1.000000 0.129032 0.884070

0 0.161290 0.024414
0.032258 0.161290 0.015023
0.064516 0.161290 0.007792
0.096774 0.161290 0.002890
0.129032 0.161290 0.000283
0.161290 0.161290 -0.000256
0.193548 0.161290 0.000949
0.225806 0.161290 0.003561
0.258065 0.161290 0.007293
0.290323 0.161290 0.011919
0.322581 0.161290 0.017272
0.354839 0.161290 0.023223
0.387097 0.161290 0.029672
0.419355 0.161290 0.036537
0.451613 0.161290 0.043756
0.483871 0.161290 0.051303
0.516129 0.161290 0.059217
0.548387 0.161290 0.067629
0.580645 0.161290 0.076769
0.612903 0.161290 0.086912
0.645161 0.161290 0.098288
0.677419 0.161290 0.110952
0.709677 0.161290 0.124766
0.741935 0.161290 0.139720
0.774194 0.161290 0.156881
0.806452 0.161290 0.180723
0.838710 0.161290 0.222868
0.870968 0.161290 0.301128
0.903226 0.161290 0.423039
0.935484 0.161290 0.575140
0.967742 0.161290 0.731739
1.000000 0.161290 0.880166

0 0.193548 0.035156
0.032258 0.193548 0.023328
0.064516 0.193548 0.013854
0.096774 0.193548 0.007013
0.129032 0.193548 0.002807
0.161290 0.193548 0.000978
0.193548 0.193548 0.001124
0.225806 0.193548 0.002824
0.258065 0.193548 0.005711
0.290323 0.193548 0.009495
0.322581 0.193548 0.013957
0.354839 0.193548 0.018934
0.387097 0.193548 0.024300
0.419355 0.193548 0.029949
0.451613 0.193548 0.035808
0.483871 0.193548 0.041844
0.516129 0.193548 0.048106
0.548387 0.193548 0.054742
0.580645 0.193548 0.062007
0.612903 0.193548 0.070207
0.645161 0.193548 0.079588
0.677419 0.193548 0.090197
0.709677 0.193548 0.101869
0.741935 0.193548 0.114580
0.774194 0.193548 0.129490
0.806452 0.193548 0.151416
0.838710 0.193548 0.193010
0.870968 0.193548 0.272353
0.903226 0.193548 0.398923
0.935484 0.193548 0.557570
0.967742 0.193548 0.722828
1.000000 0.193548 0.880886

0 0.225806 0.047852
0.032258 0.225806 0.033335
0.064516 0.225806 0.021418
0.096774 0.225806 0.012518
0.129032 0.225806 0.006687
0.161290 0.225806 0.003631
0.193548 0.225806 0.002867
0.225806 0.225806 0.003879
0.258065 0.225806 0.006208
0.290323 0.225806 0.009493
0.322581 0.225806 0.013458
0.354839 0.225806 0.017900
0.387097 0.225806 0.022661
0.419355 0.225806 0.027615
0.451613 0.225806 0.032673
0.483871 0.225806 0.037797
0.516129 0.225806 0.043039
0.548387 0.225806 0.048563
0.580645 0.225806 0.054644
0.612903 0.225806 0.061613
0.645161 0.225806 0.069728
0.677419 0.225806 0.079027
0.709677 0.225806 0.089319
0.741935 0.225806 0.100566
0.774194 0.225806 0.113978
0.806452 0.225806 0.134641
0.838710 0.225806 0.175523
0.870968 0.225806 0.256128
0.903226 0.225806 0.385121
0.935484 0.225806 0.548821
0.967742 0.225806 0.720384
1.000000 0.225806 0.885768

0 0.258065 0.062500
0.032258 0.258065 0.044991
0.064516 0.258065 0.030383
0.096774 0.258065 0.019251
0.129032 0.258065 0.011704
0.161290 0.258065 0.007414
0.193548 0.258065 0.005809
0.225806 0.258065 0.006265
0.258065 0.258065 0.008225
0.290323 0.258065 0.011242
0.322581 0.258065 0.014981
0.354839 0.258065 0.019191
0.387097 0.258065 0.023680
0.419355 0.258065 0.028299
0.451613 0.258065 0.032943
0.483871 0.258065 0.037569
0.516129 0.258065 0.042227
0.548387 0.258065 0.047094
0.580645 0.258065 0.052466
0.612903 0.258065 0.058688
0.645161 0.258065 0.066028
0.677419 0.258065 0.074520
0.709677 0.258065 0.083951
0.741935 0.258065 0.094264
0.774194 0.258065 0.106702
0.806452 0.258065 0.126481
0.838710 0.258065 0.167155
0.870968 0.258065 0.248047
0.903226 0.258065 0.379541
0.935484 0.258065 0.546619
0.967742 0.258065 0.723099
1.000000 0.258065 0.894222

0 0.290323 0.079102
0.032258 0.290323 0.058265
0.064516 0.290323 0.040676
0.096774 0.290323 0.027091
0.129032 0.290323 0.017687
0.161290 0.290323 0.012099
0.193548 0.290323 0.009658
0.225806 0.290323 0.009619
0.258065 0.290323 0.011314
0.290323 0.290323 0.014204
0.322581 0.290323 0.017884
0.354839 0.290323 0.022052
0.387097 0.290323 0.026481
0.419355 0.290323 0.030995
0.451613 0.290323 0.035472
0.483871 0.290323 0.039860
0.516129 0.290323 0.044212
0.548387 0.290323 0.048712
0.580645 0.290323 0.053669
0.612903 0.290323 0.059445
0.645161 0.290323 0.066316
0.677419 0.290323 0.074314
0.709677 0.290323 0.083208
0.741935 0.290323 0.092926
0.774194 0.290323 0.104731
0.806452 0.290323 0.123987
0.838710 0.290323 0.164323
0.870968 0.290323 0.246168
0.903226 0.290323 0.379016
0.935484 0.290323 0.549315
0.967742 0.290323 0.729787
1.000000 0.290323 0.905658

0 0.322581 0.097656
0.032258 0.322581 0.073125
0.064516 0.322581 0.052238
0.096774 0.322581 0.035949
0.129032 0.322581 0.024510
0.161290 0.322581 0.017518
0.193548 0.322581 0.014194
0.225806 0.322581 0.013664
0.258065 0.322581 0.015135
0.290323 0.322581 0.017968
0.322581 0.322581 0.021681
0.354839 0.322581 0.025914
0.387097 0.322581 0.030401
0.419355 0.322581 0.034941
0.451613 0.322581 0.039392
0.483871 0.322581 0.043693
0.516129 0.322581 0.047897
0.548387 0.322581 0.052194
0.580645 0.322581 0.056905
0.612903 0.322581 0.062406
0.645161 0.322581 0.068980
0.677419 0.322581 0.076661
0.709677 0.322581 0.085205
0.741935 0.322581 0.094529
0.774194 0.322581 0.105915
0.806452 0.322581 0.124805
0.838710 0.322581 0.165275
0.870968 0.322581 0.247456
0.903226 0.322581 0.382384
0.935484 0.322581 0.555246
0.967742 0.322581 0.739433
1.000000 0.322581 0.919595

0 0.354839 0.118164
0.032258 0.354839 0.089557
0.064516 0.354839 0.065030
0.096774 0.354839 0.045757
0.129032 0.354839 0.032075
0.161290 0.354839 0.023538
0.193548 0.354839 0.019249
0.225806 0.354839 0.018191
0.258065 0.354839 0.019435
0.290323 0.354839 0.022230
0.322581 0.354839 0.026009
0.354839 0.354839 0.030353
0.387097 0.354839 0.034953
0.419355 0.354839 0.039578
0.451613 0.354839 0.044070
0.483871 0.354839 0.048357
0.516129 0.354839 0.052490
0.548387 0.354839 0.056664
0.580645 0.354839 0.061213
0.612903 0.354839 0.066523
0.645161 0.354839 0.072888
0.677419 0.354839 0.080342
0.709677 0.354839 0.088634
0.741935 0.354839 0.097679
0.774194 0.354839 0.108779
0.806452 0.354839 0.127503
0.838710 0.354839 0.167964
0.870968 0.354839 0.251290
0.903226 0.354839 0.387642
0.935484 0.354839 0.563536
0.967742 0.354839 0.751326
1.000000 0.354839 0.935653

0 0.387097 0.140625
0.032258 0.387097 0.107538
0.064516 0.387097 0.079013
0.096774 0.387097 0.056461
0.129032 0.387097 0.040306
0.161290 0.387097 0.030059
0.193548 0.387097 0.024696
0.225806 0.387097 0.023041
0.258065 0.387097 0.024019
0.290323 0.387097 0.026758
0.322581 0.387097 0.030598
0.354839 0.387097 0.035056
0.387097 0.387097 0.039778
0.419355 0.387097 0.044501
0.451613 0.387097 0.049050
0.483871 0.387097 0.053344
0.516129 0.387097 0.057430
0.548387 0.387097 0.061511
0.580645 0.387097 0.065928
0.612903 0.387097 0.071080
0.645161 0.387097 0.077272
0.677419 0.387097 0.084540
0.709677 0.387097 0.092632
0.741935 0.387097 0.101461
0.774194 0.387097 0.112362
0.806452 0.387097 0.130981
0.838710 0.387097 0.171861
0.870968 0.387097 0.255861
0.903226 0.387097 0.394568
0.935484 0.387097 0.573292
0.967742 0.387097 0.764939
1.000000 0.387097 0.953581

0 0.419355 0.165039
0.032258 0.419355 0.127060
0.064516 0.419355 0.094160
0.096774 0.419355 0.068011
0.129032 0.419355 0.049137
0.161290 0.419355 0.036997
0.193548 0.419355 0.030428
0.225806 0.419355 0.028086
0.258065 0.419355 0.028736
0.290323 0.419355 0.031374
0.322581 0.419355 0.035243
0.354839 0.419355 0.039789
0.387097 0.419355 0.044610
0.419355 0.419355 0.049414
0.451613 0.419355 0.054006
0.483871 0.419355 0.058295
0.516129 0.419355 0.062329
0.548387 0.419355 0.066313
0.580645 0.419355 0.070600
0.612903 0.419355 0.075601
0.645161 0.419355 0.081630
0.677419 0.419355 0.088729
0.709677 0.419355 0.096649
0.741935 0.419355 0.105307
0.774194 0.419355 0.116072
0.806452 0.419355 0.134731
0.838710 0.419355 0.175892
0.870968 0.419355 0.261382
0.903226 0.419355 0.402002
0.935484 0.419355 0.584238
0.967742 0.419355 0.779976
1.000000 0.419355 0.973207

0 0.451613 0.191406
0.032258 0.451613 0.148104
0.064516 0.451613 0.110446
0.096774 0.451613 0.080376
0.129032 0.451613 0.058522
0.161290 0.451613 0.044292
0.193548 0.451613 0.036372
0.225806 0.451613 0.033237
0.258065 0.451613 0.033479
0.290323 0.451613 0.035955
0.322581 0.451613 0.039801
0.354839 0.451613 0.044390
0.387097 0.451613 0.049269
0.419355 0.451613 0.054117
0.451613 0.451613 0.058718
0.483871 0.451613 0.062974
0.516129 0.451613 0.066932
0.548387 0.451613 0.070803
0.580645 0.451613 0.074949
0.612903 0.451613 0.079792
0.645161 0.451613 0.085661
0.677419 0.451613 0.092605
0.709677 0.451613 0.100376
0.741935 0.451613 0.108901
0.774194 0.451613 0.119589
0.806452 0.451613 0.138332
0.838710 0.451613 0.180180
0.870968 0.451613 0.266775
0.903226 0.451613 0.410255
0.935484 0.451613 0.595983
0.967742 0.451613 0.796249
1.000000 0.451613 0.994447

0 0.483871 0.219727
0.032258 0.483871 0.170671
0.064516 0.483871 0.127861
0.096774 0.483871 0.093540
0.129032 0.483871 0.068445
0.161290 0.483871 0.051924
0.193548 0.483871 0.042503
0.225806 0.483871 0.038461
0.258065 0.483871 0.038208
0.290323 0.483871 0.040450
0.322581 0.483871 0.044211
0.354839 0.483871 0.048787
0.387097 0.483871 0.053674
0.419355 0.483871 0.058517
0.451613 0.483871 0.063085
0.483871 0.483871 0.067272
0.516129 0.483871 0.071124
0.548387 0.483871 0.074860
0.580645 0.483871 0.078851
0.612903 0.483871 0.083534
0.645161 0.483871 0.089249
0.677419 0.483871 0.096054
0.709677 0.483871 0.103704
0.741935 0.483871 0.112138
0.774194 0.483871 0.122815
0.806452 0.483871 0.141782
0.838710 0.483871 0.184208
0.870968 0.483871 0.272687
0.903226 0.483871 0.418690
0.935484 0.483871 0.608604
0.967742 0.483871 0.813724
1.000000 0.483871 1.017266

0 0.516129 0.250000
0.032258 0.516129 0.194762
0.064516 0.516129 0.146425
0.096774 0.516129 0.107536
0.129032 0.516129 0.078947
0.161290 0.516129 0.059942
0.193548 0.516129 0.048875
0.225806 0.516129 0.043816
0.258065 0.516129 0.042981
0.290323 0.516129 0.044915
0.322581 0.516129 0.048527
0.354839 0.516129 0.053031
0.387097 0.516129 0.057870
0.419355 0.516129 0.062660
0.451613 0.516129 0.067151
0.483871 0.516129 0.071232
0.516129 0.516129 0.074951
0.548387 0.516129 0.078532
0.580645 0.516129 0.082360
0.612903 0.516129 0.086887
0.645161 0.516129 0.092463
0.677419 0.516129 0.099155
0.709677 0.516129 0.106725
0.741935 0.516129 0.115126
0.774194 0.516129 0.125866
0.806452 0.516129 0.145117
0.838710 0.516129 0.188505
0.870968 0.516129 0.278533
0.903226 0.516129 0.427917
0.935484 0.516129 0.622027
0.967742 0.516129 0.832414
1.000000 0.516129 1.041681

0 0.548387 0.282227
0.032258 0.548387 0.220418
0.064516 0.548387 0.166203
0.096774 0.548387 0.122456
0.129032 0.548387 0.090146
0.161290 0.548387 0.068486
0.193548 0.548387 0.055646
0.225806 0.548387 0.049473
0.258065 0.548387 0.047977
0.290323 0.548387 0.049538
0.322581 0.548387 0.052942
0.354839 0.548387 0.057319
0.387097 0.548387 0.062060
0.419355 0.548387 0.066751
0.451613 0.548387 0.071127
0.483871 0.548387 0.075071
0.516129 0.548387 0.078634
0.548387 0.548387 0.082052
0.580645 0.548387 0.085721
0.612903 0.548387 0.090106
0.645161 0.548387 0.095571
0.677419 0.548387 0.102194
0.709677 0.548387 0.109741
0.741935 0.548387 0.118178
0.774194 0.548387 0.129065
0.806452 0.548387 0.148737
0.838710 0.548387 0.192977
0.870968 0.548387 0.285215
0.903226 0.548387 0.437644
0.935484 0.548387 0.636507
0.967742 0.548387 0.852418
1.000000 0.548387 1.067721

0 0.580645 0.316406
0.032258 0.580645 0.247687
0.064516 0.580645 0.187304
0.096774 0.580645 0.138460
0.129032 0.580645 0.102244
0.161290 0.580645 0.077793
0.193548 0.580645 0.063077
0.225806 0.580645 0.055713
0.258065 0.580645 0.053496
0.290323 0.580645 0.054632
0.322581 0.580645 0.057780
0.354839 0.580645 0.061984
0.387097 0.580645 0.066586
0.419355 0.580645 0.071141
0.451613 0.580645 0.075372
0.483871 0.580645 0.079158
0.516129 0.580645 0.082558
0.548387 0.580645 0.085815
0.580645 0.580645 0.089341
0.612903 0.580645 0.093615
0.645161 0.580645 0.099016
0.677419 0.580645 0.105629
0.709677 0.580645 0.113224
0.741935 0.580645 0.121775
0.774194 0.580645 0.132881
0.806452 0.580645 0.152997
0.838710 0.580645 0.198363
0.870968 0.580645 0.292422
0.903226 0.580645 0.448534
0.935484 0.580645 0.652077
0.967742 0.580645 0.873794
1.000000 0.580645 1.095421

0 0.612903 0.352539
0.032258 0.612903 0.276656
0.064516 0.612903 0.209872
0.096774 0.612903 0.155744
0.129032 0.612903 0.115482
0.161290 0.612903 0.088136
0.193548 0.612903 0.071472
0.225806 0.612903 0.062865
0.258065 0.612903 0.059885
0.290323 0.612903 0.060557
0.322581 0.612903 0.063413
0.354839 0.612903 0.067412
0.387097 0.612903 0.071846
0.419355 0.612903 0.076241
0.451613 0.612903 0.080308
0.483871 0.612903 0.083931
0.516129 0.612903 0.087171
0.548387 0.612903 0.090285
0.580645 0.612903 0.093700
0.612903 0.612903 0.097910
0.645161 0.612903 0.103308
0.677419 0.612903 0.109984
0.709677 0.612903 0.117704
0.741935 0.612903 0.126430
0.774194 0.612903 0.137781
0.806452 0.612903 0.158364
0.838710 0.612903 0.204617
0.870968 0.612903 0.300916
0.903226 0.612903 0.460291
0.935484 0.612903 0.668878
0.967742 0.612903 0.896569
1.000000 0.612903 1.124772

0 0.645161 0.390625
0.032258 0.645161 0.307383
0.064516 0.645161 0.234031
0.096774 0.645161 0.174477
0.129032 0.645161 0.130058
0.161290 0.645161 0.099737
0.193548 0.645161 0.081069
0.225806 0.645161 0.071179
0.258065 0.645161 0.067403
0.290323 0.645161 0.067584
0.322581 0.645161 0.070123
0.354839 0.645161 0.073895
0.387097 0.645161 0.078141
0.419355 0.645161 0.082362
0.451613 0.645161 0.086262
0.483871 0.645161 0.089725
0.516129 0.645161 0.092822
0.548387 0.645161 0.095825
0.580645 0.645161 0.099173
0.612903 0.645161 0.103381
0.645161 0.645161 0.108848
0.677419 0.645161 0.115662
0.709677 0.645161 0.123560
0.741935 0.645161 0.132463
0.774194 0.645161 0.143997
0.806452 0.645161 0.164889
0.838710 0.645161 0.212074
0.870968 0.645161 0.310110
0.903226 0.645161 0.473161
0.935484 0.645161 0.686697
0.967742 0.645161 0.920619
1.000000 0.645161 1.155717

0 0.677419 0.430664
0.032258 0.677419 0.339908
0.064516 0.677419 0.259824
0.096774 0.677419 0.194701
0.129032 0.677419 0.146011
0.161290 0.677419 0.112631
0.193548 0.677419 0.091899
0.225806 0.677419 0.080680
0.258065 0.677419 0.076073
0.290323 0.677419 0.075735
0.322581 0.677419 0.077933
0.354839 0.677419 0.081459
0.387097 0.677419 0.085503
0.419355 0.677419 0.089544
0.451613 0.677419 0.093279
0.483871 0.677419 0.096597
0.516129 0.677419 0.099578
0.548387 0.677419 0.102509
0.580645 0.677419 0.105847
0.612903 0.677419 0.110118
0.645161 0.677419 0.115723
0.677419 0.677419 0.122720
0.709677 0.677419 0.130783
0.741935 0.677419 0.139772
0.774194 0.677419 0.151312
0.806452 0.677419 0.172318
0.838710 0.677419 0.220047
0.870968 0.677419 0.320052
0.903226 0.677419 0.486426
0.935484 0.677419 0.705277
0.967742 0.677419 0.945740
1.000000 0.677419 1.188158

0 0.709677 0.472656
0.032258 0.709677 0.374182
0.064516 0.709677 0.287176
0.096774 0.709677 0.216313
0.129032 0.709677 0.163209
0.161290 0.709677 0.126657
0.193548 0.709677 0.103771
0.225806 0.709677 0.091153
0.258065 0.709677 0.085662
0.290323 0.709677 0.084763
0.322581 0.709677 0.086589
0.354839 0.709677 0.089845
0.387097 0.709677 0.093673
0.419355 0.709677 0.097530
0.451613 0.709677 0.101108
0.483871 0.709677 0.104300
0.516129 0.709677 0.107199
0.548387 0.709677 0.110105
0.580645 0.709677 0.113491
0.612903 0.709677 0.117887
0.645161 0.709677 0.123669
0.677419 0.709677 0.130832
0.709677 0.709677 0.138959
0.741935 0.709677 0.147835
0.774194 0.709677 0.159116
0.806452 0.709677 0.179928
0.838710 0.709677 0.228148
0.870968 0.709677 0.329745
0.903226 0.709677 0.499914
0.935484 0.709677 0.724294
0.967742 0.709677 0.971823
1.000000 0.709677 1.222104

0 0.741935 0.516602
0.032258 0.741935 0.410172
0.064516 0.741935 0.316034
0.096774 0.741935 0.239264
0.129032 0.741935 0.181611
0.161290 0.741935 0.141772
0.193548 0.741935 0.116636
0.225806 0.741935 0.102538
0.258065 0.741935 0.096094
0.290323 0.741935 0.094581
0.322581 0.741935 0.095995
0.354839 0.741935 0.098955
0.387097 0.741935 0.102556
0.419355 0.741935 0.106233
0.451613 0.741935 0.109671
0.483871 0.741935 0.112769
0.516129 0.741935 0.115633
0.548387 0.741935 0.118575
0.580645 0.741935 0.122075
0.612903 0.741935 0.126647
0.645161 0.741935 0.132608
0.677419 0.741935 0.139858
0.709677 0.741935 0.147873
0.741935 0.741935 0.156386
0.774194 0.741935 0.167136
0.806452 0.741935 0.187569
0.838710 0.741935 0.236073
0.870968 0.741935 0.339689
0.903226 0.741935 0.513789
0.935484 0.741935 0.744400
0.967742 0.741935 0.999555
1.000000 0.741935 1.258030

0 0.774194 0.562500
0.032258 0.774194 0.448048
0.064516 0.774194 0.346840
0.096774 0.774194 0.264253
0.129032 0.774194 0.202118
0.161290 0.774194 0.159022
0.193548 0.774194 0.131628
0.225806 0.774194 0.116022
0.258065 0.774194 0.108592
0.290323 0.774194 0.106435
0.322581 0.774194 0.107420
0.354839 0.774194 0.110085
0.387097 0.774194 0.113479
0.419355 0.774194 0.117015
0.451613 0.774194 0.120375
0.483871 0.774194 0.123461
0.516129 0.774194 0.126388
0.548387 0.774194 0.129478
0.580645 0.774194 0.133201
0.612903 0.774194 0.138020
0.645161 0.774194 0.144167
0.677419 0.774194 0.151425
0.709677 0.774194 0.159181
0.741935 0.774194 0.167164
0.774194 0.774194 0.177269
0.806452 0.774194 0.197322
0.838710 0.774194 0.246469
0.870968 0.774194 0.352384
0.903226 0.774194 0.531316
0.935484 0.774194 0.768621
0.967742 0.774194 1.031424
1.000000 0.774194 1.297365

0 0.806452 0.610352
0.032258 0.806452 0.489023
0.064516 0.806452 0.381958
0.096774 0.806452 0.294642
0.129032 0.806452 0.228772
0.161290 0.806452 0.182961
0.193548 0.806452 0.153597
0.225806 0.806452 0.136698
0.258065 0.806452 0.128369
0.290323 0.806452 0.125680
0.322581 0.806452 0.126295
0.354839 0.806452 0.128793
0.387097 0.806452 0.132082
0.419355 0.806452 0.135660
0.451613 0.806452 0.139105
0.483871 0.806452 0.142419
0.516129 0.806452 0.145633
0.548387 0.806452 0.149150
0.580645 0.806452 0.153320
0.612903 0.806452 0.158610
0.645161 0.806452 0.165070
0.677419 0.806452 0.172445
0.709677 0.806452 0.180010
0.741935 0.806452 0.187616
0.774194 0.806452 0.197342
0.806452 0.806452 0.217536
0.838710 0.806452 0.267982
0.870968 0.806452 0.377295
0.903226 0.806452 0.561485
0.935484 0.806452 0.805169
0.967742 0.806452 1.073863
1.000000 0.806452 1.343980

0 0.838710 0.660156
0.032258 0.838710 0.536392
0.064516 0.838710 0.428091
0.096774 0.838710 0.339350
0.129032 0.838710 0.272431
0.161290 0.838710 0.225359
0.193548 0.838710 0.195273
0.225806 0.838710 0.177570
0.258065 0.838710 0.168990
0.290323 0.838710 0.165949
0.322581 0.838710 0.166696
0.354839 0.838710 0.169189
0.387097 0.838710 0.172905
0.419355 0.838710 0.176772
0.451613 0.838710 0.180912
0.483871 0.838710 0.184812
0.516129 0.838710 0.188996
0.548387 0.838710 0.193371
0.580645 0.838710 0.198674
0.612903 0.838710 0.204858
0.645161 0.838710 0.212255
0.677419 0.838710 0.220178
0.709677 0.838710 0.228238
0.741935 0.838710 0.236130
0.774194 0.838710 0.246501
0.806452 0.838710 0.267995
0.838710 0.838710 0.321218
0.870968 0.838710 0.434655
0.903226 0.838710 0.623751
0.935484 0.838710 0.871176
0.967742 0.838710 1.140032
1.000000 0.838710 1.404130

0 0.870968 0.711914
0.032258 0.870968 0.596776
0.064516 0.870968 0.495462
0.096774 0.870968 0.412508
0.129032 0.870968 0.348662
0.161290 0.870968 0.304023
0.193548 0.870968 0.274747
0.225806 0.870968 0.258153
0.258065 0.870968 0.249788
0.290323 0.870968 0.247675
0.322581 0.870968 0.248756
0.354839 0.870968 0.252404
0.387097 0.870968 0.256807
0.419355 0.870968 0.262178
0.451613 0.870968 0.267437
0.483871 0.870968 0.273234
0.516129 0.870968 0.278978
0.548387 0.870968 0.285574
0.580645 0.870968 0.292707
0.612903 0.870968 0.301138
0.645161 0.870968 0.310280
0.677419 0.870968 0.320177
0.709677 0.870968 0.329835
0.741935 0.870968 0.339750
0.774194 0.870968 0.352421
0.806452 0.870968 0.377315
0.838710 0.870968 0.434663
0.870968 0.870968 0.552332
0.903226 0.870968 0.743557
0.935484 0.870968 0.986885
0.967742 0.870968 1.239953
1.000000 0.870968 1.480783

0 0.903226 0.765625
0.032258 0.903226 0.672512
0.064516 0.903226 0.589662
0.096774 0.903226 0.519488
0.129032 0.903226 0.465248
0.161290 0.903226 0.426235
0.193548 0.903226 0.401375
0.225806 0.903226 0.387062
0.258065 0.903226 0.381131
0.290323 0.903226 0.380349
0.322581 0.903226 0.383515
0.354839 0.903226 0.388601
0.387097 0.903226 0.395378
0.419355 0.903226 0.402682
0.451613 0.903226 0.410821
0.483871 0.903226 0.419157
0.516129 0.903226 0.428299
0.548387 0.903226 0.437951
0.580645 0.903226 0.448780
0.612903 0.903226 0.460483
0.645161 0.903226 0.473309
0.677419 0.903226 0.486537
0.709677 0.903226 0.499995
0.741935 0.903226 0.513846
0.774194 0.903226 0.531353
0.806452 0.903226 0.561508
0.838710 0.903226 0.623763
0.870968 0.903226 0.743561
0.903226 0.903226 0.928785
0.935484 0.903226 1.148744
0.967742 0.903226 1.366304
1.000000 0.903226 1.569399

0 0.935484 0.821289
0.032258 0.935484 0.758645
0.064516 0.935484 0.699598
0.096774 0.935484 0.648197
0.129032 0.935484 0.607314
0.161290 0.935484 0.578212
0.193548 0.935484 0.559835
0.225806 0.935484 0.550534
0.258065 0.935484 0.547965
0.290323 0.935484 0.550410
0.322581 0.935484 0.556156
0.354839 0.935484 0.564299
0.387097 0.935484 0.573933
0.419355 0.935484 0.584774
0.451613 0.935484 0.596429
0.483871 0.935484 0.608972
0.516129 0.935484 0.622328
0.548387 0.935484 0.636751
0.580645 0.935484 0.652272
0.612903 0.935484 0.669031
0.645161 0.935484 0.686816
0.677419 0.935484 0.705367
0.709677 0.935484 0.724361
0.741935 0.935484 0.744447
0.774194 0.935484 0.768653
0.806452 0.935484 0.805190
0.838710 0.935484 0.871187
0.870968 0.935484 0.986891
0.903226 0.935484 1.148746
0.935484 0.935484 1.328089
0.967742 0.935484 1.500417
1.000000 0.935484 1.661995

0 0.967742 0.878906
0.032258 0.967742 0.843556
0.064516 0.967742 0.808130
0.096774 0.967742 0.776442
0.129032 0.967742 0.751347
0.161290 0.967742 0.734123
0.193548 0.967742 0.724565
0.225806 0.967742 0.721669
0.258065 0.967742 0.724084
0.290323 0.967742 0.730570
0.322581 0.967742 0.740074
0.354839 0.967742 0.751857
0.387097 0.967742 0.765383
0.419355 0.967742 0.780347
0.451613 0.967742 0.796557
0.483871 0.967742 0.813978
0.516129 0.967742 0.832621
0.548387 0.967742 0.852586
0.580645 0.967742 0.873929
0.612903 0.967742 0.896676
0.645161 0.967742 0.920702
0.677419 0.967742 0.945804
0.709677 0.967742 0.971870
0.741935 0.967742 0.999589
0.774194 0.967742 1.031448
0.806452 0.967742 1.073879
0.838710 0.967742 1.140041
0.870968 0.967742 1.239959
0.903226 0.967742 1.366307
0.935484 0.967742 1.500418
0.967742 0.967742 1.629622
1.000000 0.967742 1.753817

0 1.000000 0.938477
0.032258 1.000000 0.922952
0.064516 1.000000 0.907649
0.096774 1.000000 0.894720
0.129032 1.000000 0.885738
0.161290 1.000000 0.881428
0.193548 1.000000 0.881812
0.225806 1.000000 0.886452
0.258065 1.000000 0.894741
0.290323 1.000000 0.906067
0.322581 1.000000 0.919926
0.354839 1.000000 0.935926
0.387097 1.000000 0.953808
0.419355 1.000000 0.973396
0.451613 1.000000 0.994604
0.483871 1.000000 1.017396
0.516129 1.000000 1.041787
0.548387 1.000000 1.067807
0.580645 1.000000 1.095489
0.612903 1.000000 1.124827
0.645161 1.000000 1.155760
0.677419 1.000000 1.188190
0.709677 1.000000 1.222129
0.741935 1.000000 1.258048
0.774194 1.000000 1.297378
0.806452 1.000000 1.343988
0.838710 1.000000 1.404136
0.870968 1.000000 1.480786
0.903226 1.000000 1.569401
0.935484 1.000000 1.661995
0.967742 1.000000 1.753817
1.000000 1.000000 1.845170

