
0.066667 0.066667 0.000753
0.133333 0.066667 0.001477
0.200000 0.066667 0.002145
0.266667 0.066667 0.002731
0.333333 0.066667 0.003213
0.400000 0.066667 0.003572
0.466667 0.066667 0.003793
0.533333 0.066667 0.003870
0.600000 0.066667 0.003797
0.666667 0.066667 0.003578
0.733333 0.066667 0.003222
0.800000 0.066667 0.002741
0.866667 0.066667 0.002154
0.933333 0.066667 0.001484
1.000000 0.066667 0.000757

0.066667 0.133333 0.001477
0.133333 0.133333 0.002899
0.200000 0.133333 0.004209
0.266667 0.133333 0.005359
0.333333 0.133333 0.006304
0.400000 0.133333 0.007007
0.466667 0.133333 0.007442
0.533333 0.133333 0.007591
0.600000 0.133333 0.007449
0.666667 0.133333 0.007020
0.733333 0.133333 0.006320
0.800000 0.133333 0.005377
0.866667 0.133333 0.004226
0.933333 0.133333 0.002912
1.000000 0.133333 0.001485

0.066667 0.200000 0.002145
0.133333 0.200000 0.004209
0.200000 0.200000 0.006112
0.266667 0.200000 0.007781
0.333333 0.200000 0.009153
0.400000 0.200000 0.010175
0.466667 0.200000 0.010807
0.533333 0.200000 0.011023
0.600000 0.200000 0.010817
0.666667 0.200000 0.010194
0.733333 0.200000 0.009178
0.800000 0.200000 0.007808
0.866667 0.200000 0.006137
0.933333 0.200000 0.004228
1.000000 0.200000 0.002156

0.066667 0.266667 0.002731
0.133333 0.266667 0.005359
0.200000 0.266667 0.007781
0.266667 0.266667 0.009907
0.333333 0.266667 0.011654
0.400000 0.266667 0.012954
0.466667 0.266667 0.013758
0.533333 0.266667 0.014034
0.600000 0.266667 0.013771
0.666667 0.266667 0.012978
0.733333 0.266667 0.011685
0.800000 0.266667 0.009941
0.866667 0.266667 0.007813
0.933333 0.266667 0.005383
1.000000 0.266667 0.002744

0.066667 0.333333 0.003213
0.133333 0.333333 0.006304
0.200000 0.333333 0.009153
0.266667 0.333333 0.011654
0.333333 0.333333 0.013708
0.400000 0.333333 0.015238
0.466667 0.333333 0.016184
0.533333 0.333333 0.016509
0.600000 0.333333 0.016199
0.666667 0.333333 0.015266
0.733333 0.333333 0.013745
0.800000 0.333333 0.011693
0.866667 0.333333 0.009190
0.933333 0.333333 0.006332
1.000000 0.333333 0.003228

0.066667 0.400000 0.003572
0.133333 0.400000 0.007007
0.200000 0.400000 0.010175
0.266667 0.400000 0.012954
0.333333 0.400000 0.015238
0.400000 0.400000 0.016939
0.466667 0.400000 0.017990
0.533333 0.400000 0.018351
0.600000 0.400000 0.018007
0.666667 0.400000 0.016970
0.733333 0.400000 0.015279
0.800000 0.400000 0.012998
0.866667 0.400000 0.010216
0.933333 0.400000 0.007038
1.000000 0.400000 0.003589

0.066667 0.466667 0.003793
0.133333 0.466667 0.007442
0.200000 0.466667 0.010807
0.266667 0.466667 0.013758
0.333333 0.466667 0.016184
0.400000 0.466667 0.017990
0.466667 0.466667 0.019107
0.533333 0.466667 0.019490
0.600000 0.466667 0.019125
0.666667 0.466667 0.018023
0.733333 0.466667 0.016227
0.800000 0.466667 0.013805
0.866667 0.466667 0.010850
0.933333 0.466667 0.007475
1.000000 0.466667 0.003811

0.066667 0.533333 0.003870
0.133333 0.533333 0.007591
0.200000 0.533333 0.011023
0.266667 0.533333 0.014034
0.333333 0.533333 0.016509
0.400000 0.533333 0.018351
0.466667 0.533333 0.019490
0.533333 0.533333 0.019881
0.600000 0.533333 0.019509
0.666667 0.533333 0.018385
0.733333 0.533333 0.016553
0.800000 0.533333 0.014082
0.866667 0.533333 0.011068
0.933333 0.533333 0.007625
1.000000 0.533333 0.003888

0.066667 0.600000 0.003797
0.133333 0.600000 0.007449
0.200000 0.600000 0.010817
0.266667 0.600000 0.013771
0.333333 0.600000 0.016199
0.400000 0.600000 0.018007
0.466667 0.600000 0.019125
0.533333 0.600000 0.019509
0.600000 0.600000 0.019143
0.666667 0.600000 0.018040
0.733333 0.600000 0.016243
0.800000 0.600000 0.013818
0.866667 0.600000 0.010860
0.933333 0.600000 0.007482
1.000000 0.600000 0.003815

0.066667 0.666667 0.003578
0.133333 0.666667 0.007020
0.200000 0.666667 0.010194
0.266667 0.666667 0.012978
0.333333 0.666667 0.015266
0.400000 0.666667 0.016970
0.466667 0.666667 0.018023
0.533333 0.666667 0.018385
0.600000 0.666667 0.018040
0.666667 0.666667 0.017001
0.733333 0.666667 0.015307
0.800000 0.666667 0.013022
0.866667 0.666667 0.010235
0.933333 0.666667 0.007051
1.000000 0.666667 0.003595

0.066667 0.733333 0.003222
0.133333 0.733333 0.006320
0.200000 0.733333 0.009178
0.266667 0.733333 0.011685
0.333333 0.733333 0.013745
0.400000 0.733333 0.015279
0.466667 0.733333 0.016227
0.533333 0.733333 0.016553
0.600000 0.733333 0.016243
0.666667 0.733333 0.015307
0.733333 0.733333 0.013782
0.800000 0.733333 0.011725
0.866667 0.733333 0.009215
0.933333 0.733333 0.006349
1.000000 0.733333 0.003237

0.066667 0.800000 0.002741
0.133333 0.800000 0.005377
0.200000 0.800000 0.007808
0.266667 0.800000 0.009941
0.333333 0.800000 0.011693
0.400000 0.800000 0.012998
0.466667 0.800000 0.013805
0.533333 0.800000 0.014082
0.600000 0.800000 0.013818
0.666667 0.800000 0.013022
0.733333 0.800000 0.011725
0.800000 0.800000 0.009975
0.866667 0.800000 0.007839
0.933333 0.800000 0.005401
1.000000 0.800000 0.002754

0.066667 0.866667 0.002154
0.133333 0.866667 0.004226
0.200000 0.866667 0.006137
0.266667 0.866667 0.007813
0.333333 0.866667 0.009190
0.400000 0.866667 0.010216
0.466667 0.866667 0.010850
0.533333 0.866667 0.011068
0.600000 0.866667 0.010860
0.666667 0.866667 0.010235
0.733333 0.866667 0.009215
0.800000 0.866667 0.007839
0.866667 0.866667 0.006161
0.933333 0.866667 0.004245
1.000000 0.866667 0.002164

0.066667 0.933333 0.001484
0.133333 0.933333 0.002912
0.200000 0.933333 0.004228
0.266667 0.933333 0.005383
0.333333 0.933333 0.006332
0.400000 0.933333 0.007038
0.466667 0.933333 0.007475
0.533333 0.933333 0.007625
0.600000 0.933333 0.007482
0.666667 0.933333 0.007051
0.733333 0.933333 0.006349
0.800000 0.933333 0.005401
0.866667 0.933333 0.004245
0.933333 0.933333 0.002925
1.000000 0.933333 0.001491

0.066667 1.000000 0.000757
0.133333 1.000000 0.001485
0.200000 1.000000 0.002156
0.266667 1.000000 0.002744
0.333333 1.000000 0.003228
0.400000 1.000000 0.003589
0.466667 1.000000 0.003811
0.533333 1.000000 0.003888
0.600000 1.000000 0.003815
0.666667 1.000000 0.003595
0.733333 1.000000 0.003237
0.800000 1.000000 0.002754
0.866667 1.000000 0.002164
0.933333 1.000000 0.001491
1.000000 1.000000 0.000760

