
0.066667 0.066667 0.006542
0.133333 0.066667 0.012897
0.200000 0.066667 0.018877
0.266667 0.066667 0.024290
0.333333 0.066667 0.028945
0.400000 0.066667 0.032654
0.466667 0.066667 0.035239
0.533333 0.066667 0.036548
0.600000 0.066667 0.036461
0.666667 0.066667 0.034911
0.733333 0.066667 0.031894
0.800000 0.066667 0.027483
0.866667 0.066667 0.021827
0.933333 0.066667 0.015155
1.000000 0.066667 0.007764

0.066667 0.133333 0.012897
0.133333 0.133333 0.025426
0.200000 0.133333 0.037212
0.266667 0.133333 0.047880
0.333333 0.133333 0.057052
0.400000 0.133333 0.064357
0.466667 0.133333 0.069447
0.533333 0.133333 0.072020
0.600000 0.133333 0.071843
0.666667 0.133333 0.068783
0.733333 0.133333 0.062836
0.800000 0.133333 0.054141
0.866667 0.133333 0.042996
0.933333 0.133333 0.029853
1.000000 0.133333 0.015293

0.066667 0.200000 0.018877
0.133333 0.200000 0.037212
0.200000 0.200000 0.054459
0.266667 0.200000 0.070065
0.333333 0.200000 0.083476
0.400000 0.200000 0.094153
0.466667 0.200000 0.101587
0.533333 0.200000 0.105336
0.600000 0.200000 0.105063
0.666667 0.200000 0.100577
0.733333 0.200000 0.091870
0.800000 0.200000 0.079150
0.866667 0.200000 0.062853
0.933333 0.200000 0.043637
1.000000 0.200000 0.022354

0.066667 0.266667 0.024290
0.133333 0.266667 0.047880
0.200000 0.266667 0.070065
0.266667 0.266667 0.090131
0.333333 0.266667 0.107368
0.400000 0.266667 0.121081
0.466667 0.266667 0.130617
0.533333 0.266667 0.135414
0.600000 0.266667 0.135041
0.666667 0.266667 0.129254
0.733333 0.266667 0.118048
0.800000 0.266667 0.101691
0.866667 0.266667 0.080744
0.933333 0.266667 0.056054
1.000000 0.266667 0.028714

0.066667 0.333333 0.028945
0.133333 0.333333 0.057052
0.200000 0.333333 0.083476
0.266667 0.333333 0.107368
0.333333 0.333333 0.127879
0.400000 0.333333 0.144183
0.466667 0.333333 0.155507
0.533333 0.333333 0.161183
0.600000 0.333333 0.160706
0.666667 0.333333 0.153789
0.733333 0.333333 0.140432
0.800000 0.333333 0.120955
0.866667 0.333333 0.096029
0.933333 0.333333 0.066660
1.000000 0.333333 0.034145

0.066667 0.400000 0.032654
0.133333 0.400000 0.064357
0.200000 0.400000 0.094153
0.266667 0.400000 0.121081
0.333333 0.400000 0.144183
0.400000 0.400000 0.162528
0.466667 0.400000 0.175252
0.533333 0.400000 0.181607
0.600000 0.400000 0.181027
0.666667 0.400000 0.173199
0.733333 0.400000 0.158125
0.800000 0.400000 0.136172
0.866667 0.400000 0.108096
0.933333 0.400000 0.075029
1.000000 0.400000 0.038429

0.066667 0.466667 0.035239
0.133333 0.466667 0.069447
0.200000 0.466667 0.101587
0.266667 0.466667 0.130617
0.333333 0.466667 0.155507
0.400000 0.466667 0.175252
0.466667 0.466667 0.188926
0.533333 0.466667 0.195728
0.600000 0.466667 0.195055
0.666667 0.466667 0.186578
0.733333 0.466667 0.170304
0.800000 0.466667 0.146635
0.866667 0.466667 0.116385
0.933333 0.466667 0.080774
1.000000 0.466667 0.041369

0.066667 0.533333 0.036548
0.133333 0.533333 0.072020
0.200000 0.533333 0.105336
0.266667 0.533333 0.135414
0.333333 0.533333 0.161183
0.400000 0.533333 0.181607
0.466667 0.533333 0.195728
0.533333 0.533333 0.202723
0.600000 0.533333 0.201976
0.666667 0.533333 0.193153
0.733333 0.533333 0.176270
0.800000 0.533333 0.151744
0.866667 0.533333 0.120423
0.933333 0.533333 0.083567
1.000000 0.533333 0.042798

0.066667 0.600000 0.036461
0.133333 0.600000 0.071843
0.200000 0.600000 0.105063
0.266667 0.600000 0.135041
0.333333 0.600000 0.160706
0.400000 0.600000 0.181027
0.466667 0.600000 0.195055
0.533333 0.600000 0.201976
0.600000 0.600000 0.201184
0.666667 0.600000 0.192353
0.733333 0.600000 0.175503
0.800000 0.600000 0.151058
0.866667 0.600000 0.119862
0.933333 0.600000 0.083169
1.000000 0.600000 0.042591

0.066667 0.666667 0.034911
0.133333 0.666667 0.068783
0.200000 0.666667 0.100577
0.266667 0.666667 0.129254
0.333333 0.666667 0.153789
0.400000 0.666667 0.173199
0.466667 0.666667 0.186578
0.533333 0.666667 0.193153
0.600000 0.666667 0.192353
0.666667 0.666667 0.183870
0.733333 0.666667 0.167732
0.800000 0.666667 0.144345
0.866667 0.666667 0.114520
0.933333 0.666667 0.079455
1.000000 0.666667 0.040687

0.066667 0.733333 0.031894
0.133333 0.733333 0.062836
0.200000 0.733333 0.091870
0.266667 0.733333 0.118048
0.333333 0.733333 0.140432
0.400000 0.733333 0.158125
0.466667 0.733333 0.170304
0.533333 0.733333 0.176270
0.600000 0.733333 0.175503
0.666667 0.733333 0.167732
0.733333 0.733333 0.152984
0.800000 0.733333 0.131634
0.866667 0.733333 0.104423
0.933333 0.733333 0.072444
1.000000 0.733333 0.037094

0.066667 0.800000 0.027483
0.133333 0.800000 0.054141
0.200000 0.800000 0.079150
0.266667 0.800000 0.101691
0.333333 0.800000 0.120955
0.400000 0.800000 0.136172
0.466667 0.800000 0.146635
0.533333 0.800000 0.151744
0.600000 0.800000 0.151058
0.666667 0.800000 0.144345
0.733333 0.800000 0.131634
0.800000 0.800000 0.113250
0.866667 0.800000 0.089830
0.933333 0.800000 0.062315
1.000000 0.800000 0.031906

0.066667 0.866667 0.021827
0.133333 0.866667 0.042996
0.200000 0.866667 0.062853
0.266667 0.866667 0.080744
0.333333 0.866667 0.096029
0.400000 0.866667 0.108096
0.466667 0.866667 0.116385
0.533333 0.866667 0.120423
0.600000 0.866667 0.119862
0.666667 0.866667 0.114520
0.733333 0.866667 0.104423
0.800000 0.866667 0.089830
0.866667 0.866667 0.071248
0.933333 0.866667 0.049421
1.000000 0.866667 0.025304

0.066667 0.933333 0.015155
0.133333 0.933333 0.029853
0.200000 0.933333 0.043637
0.266667 0.933333 0.056054
0.333333 0.933333 0.066660
0.400000 0.933333 0.075029
0.466667 0.933333 0.080774
0.533333 0.933333 0.083567
0.600000 0.933333 0.083169
0.666667 0.933333 0.079455
0.733333 0.933333 0.072444
0.800000 0.933333 0.062315
0.866667 0.933333 0.049421
0.933333 0.933333 0.034280
1.000000 0.933333 0.017551

0.066667 1.000000 0.007764
0.133333 1.000000 0.015293
0.200000 1.000000 0.022354
0.266667 1.000000 0.028714
0.333333 1.000000 0.034145
0.400000 1.000000 0.038429
0.466667 1.000000 0.041369
0.533333 1.000000 0.042798
0.600000 1.000000 0.042591
0.666667 1.000000 0.040687
0.733333 1.000000 0.037094
0.800000 1.000000 0.031906
0.866667 1.000000 0.025304
0.933333 1.000000 0.017551
1.000000 1.000000 0.008986

