
0.066667 0.066667 0.009664
0.133333 0.066667 0.019250
0.200000 0.066667 0.028675
0.266667 0.066667 0.037831
0.333333 0.066667 0.046559
0.400000 0.066667 0.054616
0.466667 0.066667 0.061634
0.533333 0.066667 0.067107
0.600000 0.066667 0.070408
0.666667 0.066667 0.070857
0.733333 0.066667 0.067838
0.800000 0.066667 0.060937
0.866667 0.066667 0.050091
0.933333 0.066667 0.035686
1.000000 0.066667 0.018575

0.066667 0.133333 0.019250
0.133333 0.133333 0.038330
0.200000 0.133333 0.057056
0.266667 0.133333 0.075206
0.333333 0.133333 0.092462
0.400000 0.133333 0.108344
0.466667 0.133333 0.122133
0.533333 0.133333 0.132841
0.600000 0.133333 0.139247
0.666667 0.133333 0.140026
0.733333 0.133333 0.133971
0.800000 0.133333 0.120280
0.866667 0.133333 0.098833
0.933333 0.133333 0.070392
1.000000 0.133333 0.036634

0.066667 0.200000 0.028675
0.133333 0.200000 0.057056
0.200000 0.200000 0.084837
0.266667 0.200000 0.111665
0.333333 0.200000 0.137062
0.400000 0.200000 0.160324
0.466667 0.200000 0.180413
0.533333 0.200000 0.195909
0.600000 0.200000 0.205053
0.666667 0.200000 0.205936
0.733333 0.200000 0.196822
0.800000 0.200000 0.176559
0.866667 0.200000 0.144986
0.933333 0.200000 0.103218
1.000000 0.200000 0.053703

0.066667 0.266667 0.037831
0.133333 0.266667 0.075206
0.200000 0.266667 0.111665
0.266667 0.266667 0.146704
0.333333 0.266667 0.179686
0.400000 0.266667 0.209702
0.466667 0.266667 0.235439
0.533333 0.266667 0.255107
0.600000 0.266667 0.266489
0.666667 0.266667 0.267182
0.733333 0.266667 0.254995
0.800000 0.266667 0.228484
0.866667 0.266667 0.187465
0.933333 0.266667 0.133380
1.000000 0.266667 0.069372

0.066667 0.333333 0.046559
0.133333 0.333333 0.092462
0.200000 0.333333 0.137062
0.266667 0.333333 0.179686
0.333333 0.333333 0.219535
0.400000 0.333333 0.255523
0.466667 0.333333 0.286112
0.533333 0.333333 0.309217
0.600000 0.333333 0.322260
0.666667 0.333333 0.322439
0.733333 0.333333 0.307207
0.800000 0.333333 0.274893
0.866667 0.333333 0.225308
0.933333 0.333333 0.160190
1.000000 0.333333 0.083280

0.066667 0.400000 0.054616
0.133333 0.400000 0.108344
0.200000 0.400000 0.160324
0.266667 0.400000 0.209702
0.333333 0.400000 0.255523
0.400000 0.400000 0.296552
0.466667 0.400000 0.331082
0.533333 0.400000 0.356812
0.600000 0.400000 0.370904
0.666667 0.400000 0.370271
0.733333 0.400000 0.352110
0.800000 0.400000 0.314590
0.866667 0.400000 0.257544
0.933333 0.400000 0.182959
1.000000 0.400000 0.095072

0.066667 0.466667 0.061634
0.133333 0.466667 0.122133
0.200000 0.466667 0.180413
0.266667 0.466667 0.235439
0.333333 0.466667 0.286112
0.400000 0.466667 0.331082
0.466667 0.466667 0.368527
0.533333 0.466667 0.396017
0.600000 0.466667 0.410559
0.666667 0.466667 0.408892
0.733333 0.466667 0.388061
0.800000 0.466667 0.346150
0.866667 0.466667 0.283032
0.933333 0.466667 0.200891
1.000000 0.466667 0.104337

0.066667 0.533333 0.067107
0.133333 0.533333 0.132841
0.200000 0.533333 0.195909
0.266667 0.533333 0.255107
0.333333 0.533333 0.309217
0.400000 0.533333 0.356812
0.466667 0.533333 0.396017
0.533333 0.533333 0.424358
0.600000 0.533333 0.438786
0.666667 0.533333 0.435986
0.733333 0.533333 0.412952
0.800000 0.533333 0.367758
0.866667 0.533333 0.300326
0.933333 0.533333 0.212980
1.000000 0.533333 0.110558

0.066667 0.600000 0.070408
0.133333 0.600000 0.139247
0.200000 0.600000 0.205053
0.266667 0.600000 0.266489
0.333333 0.600000 0.322260
0.400000 0.600000 0.370904
0.466667 0.600000 0.410559
0.533333 0.600000 0.438786
0.600000 0.600000 0.452591
0.666667 0.600000 0.448714
0.733333 0.600000 0.424208
0.800000 0.600000 0.377200
0.866667 0.600000 0.307671
0.933333 0.600000 0.218005
1.000000 0.600000 0.113110

0.066667 0.666667 0.070857
0.133333 0.666667 0.140026
0.200000 0.666667 0.205936
0.266667 0.666667 0.267182
0.333333 0.666667 0.322439
0.400000 0.666667 0.370271
0.466667 0.666667 0.408892
0.533333 0.666667 0.435986
0.600000 0.666667 0.448714
0.666667 0.666667 0.443990
0.733333 0.666667 0.419026
0.800000 0.666667 0.372069
0.866667 0.666667 0.303157
0.933333 0.666667 0.214641
1.000000 0.666667 0.111313

0.066667 0.733333 0.067838
0.133333 0.733333 0.133971
0.200000 0.733333 0.196822
0.266667 0.733333 0.254995
0.333333 0.733333 0.307207
0.400000 0.733333 0.352110
0.466667 0.733333 0.388061
0.533333 0.733333 0.412952
0.600000 0.733333 0.424208
0.666667 0.733333 0.419026
0.733333 0.733333 0.394880
0.800000 0.733333 0.350202
0.866667 0.733333 0.285068
0.933333 0.733333 0.201698
1.000000 0.733333 0.104559

0.066667 0.800000 0.060937
0.133333 0.800000 0.120280
0.200000 0.800000 0.176559
0.266667 0.800000 0.228484
0.333333 0.800000 0.274893
0.400000 0.800000 0.314590
0.466667 0.800000 0.346150
0.533333 0.800000 0.367758
0.600000 0.800000 0.377200
0.666667 0.800000 0.372069
0.733333 0.800000 0.350202
0.800000 0.800000 0.310264
0.866667 0.800000 0.252360
0.933333 0.800000 0.178454
1.000000 0.800000 0.092478

0.066667 0.866667 0.050091
0.133333 0.866667 0.098833
0.200000 0.866667 0.144986
0.266667 0.866667 0.187465
0.333333 0.866667 0.225308
0.400000 0.866667 0.257544
0.466667 0.866667 0.283032
0.533333 0.866667 0.300326
0.600000 0.866667 0.307671
0.666667 0.866667 0.303157
0.733333 0.866667 0.285068
0.800000 0.866667 0.252360
0.866667 0.866667 0.205135
0.933333 0.866667 0.144996
1.000000 0.866667 0.075120

0.066667 0.933333 0.035686
0.133333 0.933333 0.070392
0.200000 0.933333 0.103218
0.266667 0.933333 0.133380
0.333333 0.933333 0.160190
0.400000 0.933333 0.182959
0.466667 0.933333 0.200891
0.533333 0.933333 0.212980
0.600000 0.933333 0.218005
0.666667 0.933333 0.214641
0.733333 0.933333 0.201698
0.800000 0.933333 0.178454
0.866667 0.933333 0.144996
0.933333 0.933333 0.102455
1.000000 0.933333 0.053070

0.066667 1.000000 0.018575
0.133333 1.000000 0.036634
0.200000 1.000000 0.053703
0.266667 1.000000 0.069372
0.333333 1.000000 0.083280
0.400000 1.000000 0.095072
0.466667 1.000000 0.104337
0.533333 1.000000 0.110558
0.600000 1.000000 0.113110
0.666667 1.000000 0.111313
0.733333 1.000000 0.104559
0.800000 1.000000 0.092478
0.866667 1.000000 0.075120
0.933333 1.000000 0.053070
1.000000 1.000000 0.027486

