
0.066667 0.066667 0.009943
0.133333 0.066667 0.019886
0.200000 0.066667 0.029957
0.266667 0.066667 0.040452
0.333333 0.066667 0.051776
0.400000 0.066667 0.064304
0.466667 0.066667 0.078219
0.533333 0.066667 0.093301
0.600000 0.066667 0.108650
0.666667 0.066667 0.122347
0.733333 0.066667 0.131257
0.800000 0.066667 0.131299
0.866667 0.066667 0.118504
0.933333 0.066667 0.090753
1.000000 0.066667 0.049443

0.066667 0.133333 0.019886
0.133333 0.133333 0.039647
0.200000 0.133333 0.059436
0.266667 0.133333 0.079788
0.333333 0.133333 0.101493
0.400000 0.133333 0.125321
0.466667 0.133333 0.151673
0.533333 0.133333 0.180180
0.600000 0.133333 0.209160
0.666667 0.133333 0.234988
0.733333 0.133333 0.251701
0.800000 0.133333 0.251521
0.866667 0.133333 0.226867
0.933333 0.133333 0.173676
1.000000 0.133333 0.094604

0.066667 0.200000 0.029957
0.133333 0.200000 0.059436
0.200000 0.200000 0.088439
0.266667 0.200000 0.117639
0.333333 0.200000 0.148188
0.400000 0.200000 0.181275
0.466667 0.200000 0.217593
0.533333 0.200000 0.256740
0.600000 0.200000 0.296458
0.666667 0.200000 0.331760
0.733333 0.200000 0.354375
0.800000 0.200000 0.353469
0.866667 0.200000 0.318453
0.933333 0.200000 0.243625
1.000000 0.200000 0.132660

0.066667 0.266667 0.040452
0.133333 0.266667 0.079788
0.200000 0.266667 0.117639
0.266667 0.266667 0.154697
0.333333 0.266667 0.192455
0.400000 0.266667 0.232568
0.466667 0.266667 0.276108
0.533333 0.266667 0.322776
0.600000 0.266667 0.369972
0.666667 0.266667 0.411721
0.733333 0.266667 0.438020
0.800000 0.266667 0.435698
0.866667 0.266667 0.391834
0.933333 0.266667 0.299440
1.000000 0.266667 0.162960

0.066667 0.333333 0.051776
0.133333 0.333333 0.101493
0.200000 0.333333 0.148188
0.266667 0.333333 0.192455
0.333333 0.333333 0.236118
0.400000 0.333333 0.281358
0.466667 0.333333 0.329725
0.533333 0.333333 0.381160
0.600000 0.333333 0.432915
0.666667 0.333333 0.478362
0.733333 0.333333 0.506254
0.800000 0.333333 0.501710
0.866667 0.333333 0.450087
0.933333 0.333333 0.343427
1.000000 0.333333 0.186744

0.066667 0.400000 0.064304
0.133333 0.400000 0.125321
0.200000 0.400000 0.181275
0.266667 0.400000 0.232568
0.333333 0.400000 0.281358
0.400000 0.400000 0.330426
0.466667 0.400000 0.381900
0.533333 0.400000 0.436071
0.600000 0.400000 0.490196
0.666667 0.400000 0.537220
0.733333 0.400000 0.565005
0.800000 0.400000 0.557406
0.866667 0.400000 0.498500
0.933333 0.400000 0.379612
1.000000 0.400000 0.206193

0.066667 0.466667 0.078219
0.133333 0.466667 0.151673
0.200000 0.466667 0.217593
0.266667 0.466667 0.276108
0.333333 0.466667 0.329725
0.400000 0.466667 0.381900
0.466667 0.466667 0.435426
0.533333 0.466667 0.491038
0.600000 0.466667 0.546093
0.666667 0.466667 0.593248
0.733333 0.466667 0.619675
0.800000 0.466667 0.608240
0.866667 0.466667 0.542014
0.933333 0.466667 0.411782
1.000000 0.466667 0.223373

0.066667 0.533333 0.093301
0.133333 0.533333 0.180180
0.200000 0.533333 0.256740
0.266667 0.533333 0.322776
0.333333 0.533333 0.381160
0.400000 0.533333 0.436071
0.466667 0.533333 0.491038
0.533333 0.533333 0.547298
0.600000 0.533333 0.602374
0.666667 0.533333 0.648707
0.733333 0.533333 0.672896
0.800000 0.533333 0.656979
0.866667 0.533333 0.583208
0.933333 0.533333 0.441948
1.000000 0.533333 0.239388

0.066667 0.600000 0.108650
0.133333 0.600000 0.209160
0.200000 0.600000 0.296458
0.266667 0.600000 0.369972
0.333333 0.600000 0.432915
0.400000 0.600000 0.490196
0.466667 0.600000 0.546093
0.533333 0.600000 0.602374
0.600000 0.600000 0.656760
0.666667 0.600000 0.701544
0.733333 0.600000 0.722865
0.800000 0.600000 0.702104
0.866667 0.600000 0.620879
0.933333 0.600000 0.469269
1.000000 0.600000 0.253804

0.066667 0.666667 0.122347
0.133333 0.666667 0.234988
0.200000 0.666667 0.331760
0.266667 0.666667 0.411721
0.333333 0.666667 0.478362
0.400000 0.666667 0.537220
0.466667 0.666667 0.593248
0.533333 0.666667 0.648707
0.600000 0.666667 0.701544
0.666667 0.666667 0.744014
0.733333 0.666667 0.762008
0.800000 0.666667 0.736559
0.866667 0.666667 0.648984
0.933333 0.666667 0.489279
1.000000 0.666667 0.264237

0.066667 0.733333 0.131257
0.133333 0.733333 0.251701
0.200000 0.733333 0.354375
0.266667 0.733333 0.438020
0.333333 0.733333 0.506254
0.400000 0.733333 0.565005
0.466667 0.733333 0.619675
0.533333 0.733333 0.672896
0.600000 0.733333 0.722865
0.666667 0.733333 0.762008
0.733333 0.733333 0.776390
0.800000 0.733333 0.747275
0.866667 0.733333 0.656274
0.933333 0.733333 0.493635
1.000000 0.733333 0.266225

0.066667 0.800000 0.131299
0.133333 0.800000 0.251521
0.200000 0.800000 0.353469
0.266667 0.800000 0.435698
0.333333 0.800000 0.501710
0.400000 0.800000 0.557406
0.466667 0.800000 0.608240
0.533333 0.800000 0.656979
0.600000 0.800000 0.702104
0.666667 0.800000 0.736559
0.733333 0.800000 0.747275
0.800000 0.800000 0.716698
0.866667 0.800000 0.627665
0.933333 0.800000 0.471173
1.000000 0.800000 0.253807

0.066667 0.866667 0.118504
0.133333 0.866667 0.226867
0.200000 0.866667 0.318453
0.266667 0.866667 0.391834
0.333333 0.866667 0.450087
0.400000 0.866667 0.498500
0.466667 0.866667 0.542014
0.533333 0.866667 0.583208
0.600000 0.866667 0.620879
0.666667 0.866667 0.648984
0.733333 0.866667 0.656274
0.800000 0.866667 0.627665
0.866667 0.866667 0.548468
0.933333 0.866667 0.411056
1.000000 0.866667 0.221207

0.066667 0.933333 0.090753
0.133333 0.933333 0.173676
0.200000 0.933333 0.243625
0.266667 0.933333 0.299440
0.333333 0.933333 0.343427
0.400000 0.933333 0.379612
0.466667 0.933333 0.411782
0.533333 0.933333 0.441948
0.600000 0.933333 0.469269
0.666667 0.933333 0.489279
0.733333 0.933333 0.493635
0.800000 0.933333 0.471173
0.866667 0.933333 0.411056
0.933333 0.933333 0.307706
1.000000 0.933333 0.165470

0.066667 1.000000 0.049443
0.133333 1.000000 0.094604
0.200000 1.000000 0.132660
0.266667 1.000000 0.162960
0.333333 1.000000 0.186744
0.400000 1.000000 0.206193
0.466667 1.000000 0.223373
0.533333 1.000000 0.239388
0.600000 1.000000 0.253804
0.666667 1.000000 0.264237
0.733333 1.000000 0.266225
0.800000 1.000000 0.253807
0.866667 1.000000 0.221207
0.933333 1.000000 0.165470
1.000000 1.000000 0.088943

