
0.066667 0.066667 0.009375
0.133333 0.066667 0.019531
0.200000 0.066667 0.035156
0.266667 0.066667 0.057031
0.333333 0.066667 0.085156
0.400000 0.066667 0.119531
0.466667 0.066667 0.160156
0.533333 0.066667 0.207031
0.600000 0.066667 0.260156
0.666667 0.066667 0.319531
0.733333 0.066667 0.385156
0.800000 0.066667 0.457031
0.866667 0.066667 0.535156
0.933333 0.066667 0.619531
1.000000 0.066667 0.509375

0.066667 0.133333 0.019531
0.133333 0.133333 0.034375
0.200000 0.133333 0.053906
0.266667 0.133333 0.081250
0.333333 0.133333 0.116406
0.400000 0.133333 0.159375
0.466667 0.133333 0.210156
0.533333 0.133333 0.268750
0.600000 0.133333 0.335156
0.666667 0.133333 0.409375
0.733333 0.133333 0.491406
0.800000 0.133333 0.581250
0.866667 0.133333 0.678906
0.933333 0.133333 0.784375
1.000000 0.133333 0.694531

0.066667 0.200000 0.035156
0.133333 0.200000 0.053906
0.200000 0.200000 0.073438
0.266667 0.200000 0.100781
0.333333 0.200000 0.135937
0.400000 0.200000 0.178906
0.466667 0.200000 0.229687
0.533333 0.200000 0.288281
0.600000 0.200000 0.354687
0.666667 0.200000 0.428906
0.733333 0.200000 0.510938
0.800000 0.200000 0.600781
0.866667 0.200000 0.698438
0.933333 0.200000 0.803906
1.000000 0.200000 0.710156

0.066667 0.266667 0.057031
0.133333 0.266667 0.081250
0.200000 0.266667 0.100781
0.266667 0.266667 0.128125
0.333333 0.266667 0.163281
0.400000 0.266667 0.206250
0.466667 0.266667 0.257031
0.533333 0.266667 0.315625
0.600000 0.266667 0.382031
0.666667 0.266667 0.456250
0.733333 0.266667 0.538281
0.800000 0.266667 0.628125
0.866667 0.266667 0.725781
0.933333 0.266667 0.831250
1.000000 0.266667 0.732031

0.066667 0.333333 0.085156
0.133333 0.333333 0.116406
0.200000 0.333333 0.135937
0.266667 0.333333 0.163281
0.333333 0.333333 0.198437
0.400000 0.333333 0.241406
0.466667 0.333333 0.292187
0.533333 0.333333 0.350781
0.600000 0.333333 0.417187
0.666667 0.333333 0.491406
0.733333 0.333333 0.573438
0.800000 0.333333 0.663281
0.866667 0.333333 0.760938
0.933333 0.333333 0.866406
1.000000 0.333333 0.760156

0.066667 0.400000 0.119531
0.133333 0.400000 0.159375
0.200000 0.400000 0.178906
0.266667 0.400000 0.206250
0.333333 0.400000 0.241406
0.400000 0.400000 0.284375
0.466667 0.400000 0.335156
0.533333 0.400000 0.393750
0.600000 0.400000 0.460156
0.666667 0.400000 0.534375
0.733333 0.400000 0.616406
0.800000 0.400000 0.706250
0.866667 0.400000 0.803906
0.933333 0.400000 0.909375
1.000000 0.400000 0.794531

0.066667 0.466667 0.160156
0.133333 0.466667 0.210156
0.200000 0.466667 0.229687
0.266667 0.466667 0.257031
0.333333 0.466667 0.292187
0.400000 0.466667 0.335156
0.466667 0.466667 0.385937
0.533333 0.466667 0.444531
0.600000 0.466667 0.510938
0.666667 0.466667 0.585156
0.733333 0.466667 0.667188
0.800000 0.466667 0.757031
0.866667 0.466667 0.854688
0.933333 0.466667 0.960156
1.000000 0.466667 0.835156

0.066667 0.533333 0.207031
0.133333 0.533333 0.268750
0.200000 0.533333 0.288281
0.266667 0.533333 0.315625
0.333333 0.533333 0.350781
0.400000 0.533333 0.393750
0.466667 0.533333 0.444531
0.533333 0.533333 0.503125
0.600000 0.533333 0.569531
0.666667 0.533333 0.643750
0.733333 0.533333 0.725781
0.800000 0.533333 0.815625
0.866667 0.533333 0.913281
0.933333 0.533333 1.018750
1.000000 0.533333 0.882031

0.066667 0.600000 0.260156
0.133333 0.600000 0.335156
0.200000 0.600000 0.354687
0.266667 0.600000 0.382031
0.333333 0.600000 0.417187
0.400000 0.600000 0.460156
0.466667 0.600000 0.510938
0.533333 0.600000 0.569531
0.600000 0.600000 0.635938
0.666667 0.600000 0.710156
0.733333 0.600000 0.792188
0.800000 0.600000 0.882031
0.866667 0.600000 0.979688
0.933333 0.600000 1.085156
1.000000 0.600000 0.935156

0.066667 0.666667 0.319531
0.133333 0.666667 0.409375
0.200000 0.666667 0.428906
0.266667 0.666667 0.456250
0.333333 0.666667 0.491406
0.400000 0.666667 0.534375
0.466667 0.666667 0.585156
0.533333 0.666667 0.643750
0.600000 0.666667 0.710156
0.666667 0.666667 0.784375
0.733333 0.666667 0.866406
0.800000 0.666667 0.956250
0.866667 0.666667 1.053906
0.933333 0.666667 1.159375
1.000000 0.666667 0.994531

0.066667 0.733333 0.385156
0.133333 0.733333 0.491406
0.200000 0.733333 0.510938
0.266667 0.733333 0.538281
0.333333 0.733333 0.573438
0.400000 0.733333 0.616406
0.466667 0.733333 0.667188
0.533333 0.733333 0.725781
0.600000 0.733333 0.792188
0.666667 0.733333 0.866406
0.733333 0.733333 0.948438
0.800000 0.733333 1.038281
0.866667 0.733333 1.135938
0.933333 0.733333 1.241406
1.000000 0.733333 1.060156

0.066667 0.800000 0.457031
0.133333 0.800000 0.581250
0.200000 0.800000 0.600781
0.266667 0.800000 0.628125
0.333333 0.800000 0.663281
0.400000 0.800000 0.706250
0.466667 0.800000 0.757031
0.533333 0.800000 0.815625
0.600000 0.800000 0.882031
0.666667 0.800000 0.956250
0.733333 0.800000 1.038281
0.800000 0.800000 1.128125
0.866667 0.800000 1.225781
0.933333 0.800000 1.331250
1.000000 0.800000 1.132031

0.066667 0.866667 0.535156
0.133333 0.866667 0.678906
0.200000 0.866667 0.698438
0.266667 0.866667 0.725781
0.333333 0.866667 0.760938
0.400000 0.866667 0.803906
0.466667 0.866667 0.854688
0.533333 0.866667 0.913281
0.600000 0.866667 0.979688
0.666667 0.866667 1.053906
0.733333 0.866667 1.135938
0.800000 0.866667 1.225781
0.866667 0.866667 1.323438
0.933333 0.866667 1.428906
1.000000 0.866667 1.210156

0.066667 0.933333 0.619531
0.133333 0.933333 0.784375
0.200000 0.933333 0.803906
0.266667 0.933333 0.831250
0.333333 0.933333 0.866406
0.400000 0.933333 0.909375
0.466667 0.933333 0.960156
0.533333 0.933333 1.018750
0.600000 0.933333 1.085156
0.666667 0.933333 1.159375
0.733333 0.933333 1.241406
0.800000 0.933333 1.331250
0.866667 0.933333 1.428906
0.933333 0.933333 1.534375
1.000000 0.933333 1.294531

0.066667 1.000000 0.509375
0.133333 1.000000 0.694531
0.200000 1.000000 0.710156
0.266667 1.000000 0.732031
0.333333 1.000000 0.760156
0.400000 1.000000 0.794531
0.466667 1.000000 0.835156
0.533333 1.000000 0.882031
0.600000 1.000000 0.935156
0.666667 1.000000 0.994531
0.733333 1.000000 1.060156
0.800000 1.000000 1.132031
0.866667 1.000000 1.210156
0.933333 1.000000 1.294531
1.000000 1.000000 1.009375

