
0.066667 0.066667 0.007812
0.133333 0.066667 0.019531
0.200000 0.066667 0.039062
0.266667 0.066667 0.066406
0.333333 0.066667 0.101562
0.400000 0.066667 0.144531
0.466667 0.066667 0.195312
0.533333 0.066667 0.253906
0.600000 0.066667 0.320312
0.666667 0.066667 0.394531
0.733333 0.066667 0.476562
0.800000 0.066667 0.566406
0.866667 0.066667 0.664062
0.933333 0.066667 0.769531
1.000000 0.066667 0.882812

0.066667 0.133333 0.019531
0.133333 0.133333 0.031250
0.200000 0.133333 0.050781
0.266667 0.133333 0.078125
0.333333 0.133333 0.113281
0.400000 0.133333 0.156250
0.466667 0.133333 0.207031
0.533333 0.133333 0.265625
0.600000 0.133333 0.332031
0.666667 0.133333 0.406250
0.733333 0.133333 0.488281
0.800000 0.133333 0.578125
0.866667 0.133333 0.675781
0.933333 0.133333 0.781250
1.000000 0.133333 0.894531

0.066667 0.200000 0.039062
0.133333 0.200000 0.050781
0.200000 0.200000 0.070312
0.266667 0.200000 0.097656
0.333333 0.200000 0.132812
0.400000 0.200000 0.175781
0.466667 0.200000 0.226562
0.533333 0.200000 0.285156
0.600000 0.200000 0.351562
0.666667 0.200000 0.425781
0.733333 0.200000 0.507812
0.800000 0.200000 0.597656
0.866667 0.200000 0.695312
0.933333 0.200000 0.800781
1.000000 0.200000 0.914062

0.066667 0.266667 0.066406
0.133333 0.266667 0.078125
0.200000 0.266667 0.097656
0.266667 0.266667 0.125000
0.333333 0.266667 0.160156
0.400000 0.266667 0.203125
0.466667 0.266667 0.253906
0.533333 0.266667 0.312500
0.600000 0.266667 0.378906
0.666667 0.266667 0.453125
0.733333 0.266667 0.535156
0.800000 0.266667 0.625000
0.866667 0.266667 0.722656
0.933333 0.266667 0.828125
1.000000 0.266667 0.941406

0.066667 0.333333 0.101562
0.133333 0.333333 0.113281
0.200000 0.333333 0.132812
0.266667 0.333333 0.160156
0.333333 0.333333 0.195312
0.400000 0.333333 0.238281
0.466667 0.333333 0.289062
0.533333 0.333333 0.347656
0.600000 0.333333 0.414062
0.666667 0.333333 0.488281
0.733333 0.333333 0.570312
0.800000 0.333333 0.660156
0.866667 0.333333 0.757812
0.933333 0.333333 0.863281
1.000000 0.333333 0.976562

0.066667 0.400000 0.144531
0.133333 0.400000 0.156250
0.200000 0.400000 0.175781
0.266667 0.400000 0.203125
0.333333 0.400000 0.238281
0.400000 0.400000 0.281250
0.466667 0.400000 0.332031
0.533333 0.400000 0.390625
0.600000 0.400000 0.457031
0.666667 0.400000 0.531250
0.733333 0.400000 0.613281
0.800000 0.400000 0.703125
0.866667 0.400000 0.800781
0.933333 0.400000 0.906250
1.000000 0.400000 1.019531

0.066667 0.466667 0.195312
0.133333 0.466667 0.207031
0.200000 0.466667 0.226562
0.266667 0.466667 0.253906
0.333333 0.466667 0.289062
0.400000 0.466667 0.332031
0.466667 0.466667 0.382812
0.533333 0.466667 0.441406
0.600000 0.466667 0.507812
0.666667 0.466667 0.582031
0.733333 0.466667 0.664062
0.800000 0.466667 0.753906
0.866667 0.466667 0.851562
0.933333 0.466667 0.957031
1.000000 0.466667 1.070312

0.066667 0.533333 0.253906
0.133333 0.533333 0.265625
0.200000 0.533333 0.285156
0.266667 0.533333 0.312500
0.333333 0.533333 0.347656
0.400000 0.533333 0.390625
0.466667 0.533333 0.441406
0.533333 0.533333 0.500000
0.600000 0.533333 0.566406
0.666667 0.533333 0.640625
0.733333 0.533333 0.722656
0.800000 0.533333 0.812500
0.866667 0.533333 0.910156
0.933333 0.533333 1.015625
1.000000 0.533333 1.128906

0.066667 0.600000 0.320312
0.133333 0.600000 0.332031
0.200000 0.600000 0.351562
0.266667 0.600000 0.378906
0.333333 0.600000 0.414062
0.400000 0.600000 0.457031
0.466667 0.600000 0.507812
0.533333 0.600000 0.566406
0.600000 0.600000 0.632812
0.666667 0.600000 0.707031
0.733333 0.600000 0.789062
0.800000 0.600000 0.878906
0.866667 0.600000 0.976562
0.933333 0.600000 1.082031
1.000000 0.600000 1.195312

0.066667 0.666667 0.394531
0.133333 0.666667 0.406250
0.200000 0.666667 0.425781
0.266667 0.666667 0.453125
0.333333 0.666667 0.488281
0.400000 0.666667 0.531250
0.466667 0.666667 0.582031
0.533333 0.666667 0.640625
0.600000 0.666667 0.707031
0.666667 0.666667 0.781250
0.733333 0.666667 0.863281
0.800000 0.666667 0.953125
0.866667 0.666667 1.050781
0.933333 0.666667 1.156250
1.000000 0.666667 1.269531

0.066667 0.733333 0.476562
0.133333 0.733333 0.488281
0.200000 0.733333 0.507812
0.266667 0.733333 0.535156
0.333333 0.733333 0.570312
0.400000 0.733333 0.613281
0.466667 0.733333 0.664062
0.533333 0.733333 0.722656
0.600000 0.733333 0.789062
0.666667 0.733333 0.863281
0.733333 0.733333 0.945312
0.800000 0.733333 1.035156
0.866667 0.733333 1.132812
0.933333 0.733333 1.238281
1.000000 0.733333 1.351562

0.066667 0.800000 0.566406
0.133333 0.800000 0.578125
0.200000 0.800000 0.597656
0.266667 0.800000 0.625000
0.333333 0.800000 0.660156
0.400000 0.800000 0.703125
0.466667 0.800000 0.753906
0.533333 0.800000 0.812500
0.600000 0.800000 0.878906
0.666667 0.800000 0.953125
0.733333 0.800000 1.035156
0.800000 0.800000 1.125000
0.866667 0.800000 1.222656
0.933333 0.800000 1.328125
1.000000 0.800000 1.441406

0.066667 0.866667 0.664062
0.133333 0.866667 0.675781
0.200000 0.866667 0.695312
0.266667 0.866667 0.722656
0.333333 0.866667 0.757812
0.400000 0.866667 0.800781
0.466667 0.866667 0.851562
0.533333 0.866667 0.910156
0.600000 0.866667 0.976562
0.666667 0.866667 1.050781
0.733333 0.866667 1.132812
0.800000 0.866667 1.222656
0.866667 0.866667 1.320312
0.933333 0.866667 1.425781
1.000000 0.866667 1.539062

0.066667 0.933333 0.769531
0.133333 0.933333 0.781250
0.200000 0.933333 0.800781
0.266667 0.933333 0.828125
0.333333 0.933333 0.863281
0.400000 0.933333 0.906250
0.466667 0.933333 0.957031
0.533333 0.933333 1.015625
0.600000 0.933333 1.082031
0.666667 0.933333 1.156250
0.733333 0.933333 1.238281
0.800000 0.933333 1.328125
0.866667 0.933333 1.425781
0.933333 0.933333 1.531250
1.000000 0.933333 1.644531

0.066667 1.000000 0.882812
0.133333 1.000000 0.894531
0.200000 1.000000 0.914062
0.266667 1.000000 0.941406
0.333333 1.000000 0.976562
0.400000 1.000000 1.019531
0.466667 1.000000 1.070312
0.533333 1.000000 1.128906
0.600000 1.000000 1.195312
0.666667 1.000000 1.269531
0.733333 1.000000 1.351562
0.800000 1.000000 1.441406
0.866667 1.000000 1.539062
0.933333 1.000000 1.644531
1.000000 1.000000 1.757812

