
0.066667 0.066667 0.009890
0.133333 0.066667 0.019819
0.200000 0.066667 0.030988
0.266667 0.066667 0.044927
0.333333 0.066667 0.062490
0.400000 0.066667 0.083914
0.466667 0.066667 0.109231
0.533333 0.066667 0.138444
0.600000 0.066667 0.171551
0.666667 0.066667 0.208554
0.733333 0.066667 0.249130
0.800000 0.066667 0.290368
0.866667 0.066667 0.317947
0.933333 0.066667 0.297099
1.000000 0.066667 0.187890

0.066667 0.133333 0.019819
0.133333 0.133333 0.038485
0.200000 0.133333 0.057879
0.266667 0.133333 0.081150
0.333333 0.133333 0.110191
0.400000 0.133333 0.145575
0.466667 0.133333 0.187386
0.533333 0.133333 0.235630
0.600000 0.133333 0.290306
0.666667 0.133333 0.351415
0.733333 0.133333 0.418631
0.800000 0.133333 0.487390
0.866667 0.133333 0.535039
0.933333 0.133333 0.501765
1.000000 0.133333 0.318819

0.066667 0.200000 0.030988
0.133333 0.200000 0.057879
0.200000 0.200000 0.082635
0.266667 0.200000 0.110313
0.333333 0.200000 0.144235
0.400000 0.200000 0.185469
0.466667 0.200000 0.234186
0.533333 0.200000 0.290399
0.600000 0.200000 0.354106
0.666667 0.200000 0.425309
0.733333 0.200000 0.503675
0.800000 0.200000 0.584553
0.866667 0.200000 0.641595
0.933333 0.200000 0.603959
1.000000 0.200000 0.384987

0.066667 0.266667 0.044927
0.133333 0.266667 0.081150
0.200000 0.266667 0.110313
0.266667 0.266667 0.139915
0.333333 0.266667 0.175215
0.400000 0.266667 0.217970
0.466667 0.266667 0.268475
0.533333 0.266667 0.326750
0.600000 0.266667 0.392795
0.666667 0.266667 0.466610
0.733333 0.266667 0.547855
0.800000 0.266667 0.631755
0.866667 0.266667 0.691272
0.933333 0.266667 0.650430
1.000000 0.266667 0.415327

0.066667 0.333333 0.062490
0.133333 0.333333 0.110191
0.200000 0.333333 0.144235
0.266667 0.333333 0.175215
0.333333 0.333333 0.210875
0.400000 0.333333 0.253861
0.466667 0.333333 0.304626
0.533333 0.333333 0.363201
0.600000 0.333333 0.429586
0.666667 0.333333 0.503781
0.733333 0.333333 0.585435
0.800000 0.333333 0.669615
0.866667 0.333333 0.728395
0.933333 0.333333 0.683311
1.000000 0.333333 0.435770

0.066667 0.400000 0.083914
0.133333 0.400000 0.145575
0.200000 0.400000 0.185469
0.266667 0.400000 0.217970
0.333333 0.400000 0.253861
0.400000 0.400000 0.296875
0.466667 0.400000 0.347656
0.533333 0.400000 0.406250
0.600000 0.400000 0.472656
0.666667 0.400000 0.546875
0.733333 0.400000 0.628541
0.800000 0.400000 0.712530
0.866667 0.400000 0.769829
0.933333 0.400000 0.718935
1.000000 0.400000 0.457474

0.066667 0.466667 0.109231
0.133333 0.466667 0.187386
0.200000 0.466667 0.234186
0.266667 0.466667 0.268475
0.333333 0.466667 0.304626
0.400000 0.466667 0.347656
0.466667 0.466667 0.398438
0.533333 0.466667 0.457031
0.600000 0.466667 0.523438
0.666667 0.466667 0.597656
0.733333 0.466667 0.679306
0.800000 0.466667 0.763035
0.866667 0.466667 0.818546
0.933333 0.466667 0.760746
1.000000 0.466667 0.482791

0.066667 0.533333 0.138444
0.133333 0.533333 0.235630
0.200000 0.533333 0.290399
0.266667 0.533333 0.326750
0.333333 0.533333 0.363201
0.400000 0.533333 0.406250
0.466667 0.533333 0.457031
0.533333 0.533333 0.515625
0.600000 0.533333 0.582031
0.666667 0.533333 0.656250
0.733333 0.533333 0.737881
0.800000 0.533333 0.821310
0.866667 0.533333 0.874759
0.933333 0.533333 0.808990
1.000000 0.533333 0.512004

0.066667 0.600000 0.171551
0.133333 0.600000 0.290306
0.200000 0.600000 0.354106
0.266667 0.600000 0.392795
0.333333 0.600000 0.429586
0.400000 0.600000 0.472656
0.466667 0.600000 0.523438
0.533333 0.600000 0.582031
0.600000 0.600000 0.648438
0.666667 0.600000 0.722656
0.733333 0.600000 0.804266
0.800000 0.600000 0.887355
0.866667 0.600000 0.938466
0.933333 0.600000 0.863666
1.000000 0.600000 0.545111

0.066667 0.666667 0.208554
0.133333 0.666667 0.351415
0.200000 0.666667 0.425309
0.266667 0.666667 0.466610
0.333333 0.666667 0.503781
0.400000 0.666667 0.546875
0.466667 0.666667 0.597656
0.533333 0.666667 0.656250
0.600000 0.666667 0.722656
0.666667 0.666667 0.796875
0.733333 0.666667 0.878461
0.800000 0.666667 0.961170
0.866667 0.666667 1.009669
0.933333 0.666667 0.924775
1.000000 0.666667 0.582114

0.066667 0.733333 0.249130
0.133333 0.733333 0.418631
0.200000 0.733333 0.503675
0.266667 0.733333 0.547855
0.333333 0.733333 0.585435
0.400000 0.733333 0.628541
0.466667 0.733333 0.679306
0.533333 0.733333 0.737881
0.600000 0.733333 0.804266
0.666667 0.733333 0.878461
0.733333 0.733333 0.959995
0.800000 0.733333 1.042255
0.866667 0.733333 1.087835
0.933333 0.733333 0.991751
1.000000 0.733333 0.622410

0.066667 0.800000 0.290368
0.133333 0.800000 0.487390
0.200000 0.800000 0.584553
0.266667 0.800000 0.631755
0.333333 0.800000 0.669615
0.400000 0.800000 0.712530
0.466667 0.800000 0.763035
0.533333 0.800000 0.821310
0.600000 0.800000 0.887355
0.666667 0.800000 0.961170
0.733333 0.800000 1.042255
0.800000 0.800000 1.123595
0.866667 0.800000 1.165512
0.933333 0.800000 1.056670
1.000000 0.800000 0.660767

0.066667 0.866667 0.317947
0.133333 0.866667 0.535039
0.200000 0.866667 0.641595
0.266667 0.866667 0.691272
0.333333 0.866667 0.728395
0.400000 0.866667 0.769829
0.466667 0.866667 0.818546
0.533333 0.866667 0.874759
0.600000 0.866667 0.938466
0.666667 0.866667 1.009669
0.733333 0.866667 1.087835
0.800000 0.866667 1.165512
0.866667 0.866667 1.200555
0.933333 0.866667 1.081119
1.000000 0.866667 0.671948

0.066667 0.933333 0.297099
0.133333 0.933333 0.501765
0.200000 0.933333 0.603959
0.266667 0.933333 0.650430
0.333333 0.933333 0.683311
0.400000 0.933333 0.718935
0.466667 0.933333 0.760746
0.533333 0.933333 0.808990
0.600000 0.933333 0.863666
0.666667 0.933333 0.924775
0.733333 0.933333 0.991751
0.800000 0.933333 1.056670
0.866667 0.933333 1.081119
0.933333 0.933333 0.965045
1.000000 0.933333 0.596099

0.066667 1.000000 0.187890
0.133333 1.000000 0.318819
0.200000 1.000000 0.384987
0.266667 1.000000 0.415328
0.333333 1.000000 0.435770
0.400000 1.000000 0.457474
0.466667 1.000000 0.482791
0.533333 1.000000 0.512004
0.600000 1.000000 0.545111
0.666667 1.000000 0.582114
0.733333 1.000000 0.622410
0.800000 1.000000 0.660767
0.866667 1.000000 0.671948
0.933333 1.000000 0.596099
1.000000 1.000000 0.365890

