0.031250 0.031250 0.010128
0.031250 0.062500 0.016952
0.031250 0.093750 0.026851
0.031250 0.125000 0.033009
0.031250 0.156250 0.038353
0.031250 0.187500 0.041989
0.031250 0.218750 0.043820
0.031250 0.250000 0.043754
0.031250 0.281250 0.041709
0.031250 0.312500 0.037607
0.031250 0.343750 0.031382
0.031250 0.375000 0.022974
0.031250 0.406250 0.012336
0.031250 0.437500 -0.000573
0.031250 0.468750 -0.015779
0.031250 0.500000 -0.033299
0.031250 0.531250 -0.053141
0.031250 0.562500 -0.075299
0.031250 0.593750 -0.099757
0.031250 0.625000 -0.126489
0.031250 0.656250 -0.155457
0.031250 0.687500 -0.186613
0.031250 0.718750 -0.219901
0.031250 0.750000 -0.255253
0.031250 0.781250 -0.292595
0.031250 0.812500 -0.331844
0.031250 0.843750 -0.372909
0.031250 0.875000 -0.415694
0.031250 0.906250 -0.452886
0.031250 0.937500 -0.441085
0.031250 0.968750 -0.298044

0.062500 0.031250 -0.001749
0.062500 0.062500 0.003187
0.062500 0.093750 -0.000227
0.062500 0.125000 -0.000542
0.062500 0.156250 -0.004371
0.062500 0.187500 -0.010213
0.062500 0.218750 -0.018106
0.062500 0.250000 -0.028086
0.062500 0.281250 -0.040184
0.062500 0.312500 -0.054431
0.062500 0.343750 -0.070851
0.062500 0.375000 -0.089468
0.062500 0.406250 -0.110298
0.062500 0.437500 -0.133356
0.062500 0.468750 -0.158651
0.062500 0.500000 -0.186189
0.062500 0.531250 -0.215970
0.062500 0.562500 -0.247990
0.062500 0.593750 -0.282241
0.062500 0.625000 -0.318710
0.062500 0.656250 -0.357382
0.062500 0.687500 -0.398235
0.062500 0.718750 -0.441244
0.062500 0.750000 -0.486382
0.062500 0.781250 -0.533617
0.062500 0.812500 -0.582914
0.062500 0.843750 -0.634236
0.062500 0.875000 -0.687543
0.062500 0.906250 -0.733178
0.062500 0.937500 -0.713093
0.062500 0.968750 -0.477659

0.093750 0.031250 -0.004129
0.093750 0.062500 -0.015707
0.093750 0.093750 -0.015128
0.093750 0.125000 -0.022802
0.093750 0.156250 -0.030035
0.093750 0.187500 -0.039256
0.093750 0.218750 -0.050479
0.093750 0.250000 -0.063719
0.093750 0.281250 -0.078986
0.093750 0.312500 -0.096293
0.093750 0.343750 -0.115650
0.093750 0.375000 -0.137067
0.093750 0.406250 -0.160552
0.093750 0.437500 -0.186112
0.093750 0.468750 -0.213753
0.093750 0.500000 -0.243479
0.093750 0.531250 -0.275293
0.093750 0.562500 -0.309197
0.093750 0.593750 -0.345190
0.093750 0.625000 -0.383272
0.093750 0.656250 -0.423438
0.093750 0.687500 -0.465686
0.093750 0.718750 -0.510009
0.093750 0.750000 -0.556400
0.093750 0.781250 -0.604852
0.093750 0.812500 -0.655353
0.093750 0.843750 -0.707895
0.093750 0.875000 -0.762466
0.093750 0.906250 -0.813339
0.093750 0.937500 -0.786495
0.093750 0.968750 -0.538819

0.125000 0.031250 -0.015918
0.125000 0.062500 -0.015806
0.125000 0.093750 -0.028906
0.125000 0.125000 -0.033555
0.125000 0.156250 -0.043129
0.125000 0.187500 -0.054649
0.125000 0.218750 -0.068107
0.125000 0.250000 -0.083496
0.125000 0.281250 -0.100809
0.125000 0.312500 -0.120040
0.125000 0.343750 -0.141181
0.125000 0.375000 -0.164227
0.125000 0.406250 -0.189171
0.125000 0.437500 -0.216009
0.125000 0.468750 -0.244737
0.125000 0.500000 -0.275350
0.125000 0.531250 -0.307845
0.125000 0.562500 -0.342220
0.125000 0.593750 -0.378472
0.125000 0.625000 -0.416601
0.125000 0.656250 -0.456606
0.125000 0.687500 -0.498487
0.125000 0.718750 -0.542246
0.125000 0.750000 -0.587884
0.125000 0.781250 -0.635404
0.125000 0.812500 -0.684809
0.125000 0.843750 -0.736103
0.125000 0.875000 -0.789290
0.125000 0.906250 -0.833143
0.125000 0.937500 -0.814971
0.125000 0.968750 -0.547251

0.156250 0.031250 -0.012908
0.156250 0.062500 -0.034563
0.156250 0.093750 -0.033149
0.156250 0.125000 -0.043218
0.156250 0.156250 -0.051223
0.156250 0.187500 -0.061180
0.156250 0.218750 -0.073098
0.156250 0.250000 -0.086983
0.156250 0.281250 -0.102844
0.156250 0.312500 -0.120686
0.156250 0.343750 -0.140518
0.156250 0.375000 -0.162345
0.156250 0.406250 -0.186173
0.156250 0.437500 -0.212009
0.156250 0.468750 -0.239857
0.156250 0.500000 -0.269722
0.156250 0.531250 -0.301608
0.156250 0.562500 -0.335518
0.156250 0.593750 -0.371454
0.156250 0.625000 -0.409420
0.156250 0.656250 -0.449415
0.156250 0.687500 -0.491440
0.156250 0.718750 -0.535495
0.156250 0.750000 -0.581578
0.156250 0.781250 -0.629689
0.156250 0.812500 -0.679824
0.156250 0.843750 -0.731981
0.156250 0.875000 -0.786155
0.156250 0.906250 -0.837972
0.156250 0.937500 -0.806578
0.156250 0.968750 -0.558006

0.187500 0.031250 -0.028955
0.187500 0.062500 -0.030724
0.187500 0.093750 -0.048119
0.187500 0.125000 -0.051501
0.187500 0.156250 -0.061066
0.187500 0.187500 -0.072592
0.187500 0.218750 -0.086073
0.187500 0.250000 -0.101499
0.187500 0.281250 -0.118864
0.187500 0.312500 -0.138160
0.187500 0.343750 -0.159381
0.187500 0.375000 -0.182519
0.187500 0.406250 -0.207567
0.187500 0.437500 -0.234521
0.187500 0.468750 -0.263374
0.187500 0.500000 -0.294120
0.187500 0.531250 -0.326756
0.187500 0.562500 -0.361278
0.187500 0.593750 -0.397682
0.187500 0.625000 -0.435965
0.187500 0.656250 -0.476126
0.187500 0.687500 -0.518163
0.187500 0.718750 -0.562077
0.187500 0.750000 -0.607867
0.187500 0.781250 -0.655535
0.187500 0.812500 -0.705081
0.187500 0.843750 -0.756510
0.187500 0.875000 -0.809823
0.187500 0.906250 -0.852238
0.187500 0.937500 -0.835379
0.187500 0.968750 -0.557504

0.218750 0.031250 -0.025748
0.218750 0.062500 -0.058697
0.218750 0.093750 -0.056603
0.218750 0.125000 -0.068217
0.218750 0.156250 -0.076246
0.218750 0.187500 -0.086212
0.218750 0.218750 -0.098123
0.218750 0.250000 -0.111987
0.218750 0.281250 -0.127811
0.218750 0.312500 -0.145602
0.218750 0.343750 -0.165367
0.218750 0.375000 -0.187115
0.218750 0.406250 -0.210851
0.218750 0.437500 -0.236583
0.218750 0.468750 -0.264316
0.218750 0.500000 -0.294057
0.218750 0.531250 -0.325809
0.218750 0.562500 -0.359578
0.218750 0.593750 -0.395368
0.218750 0.625000 -0.433182
0.218750 0.656250 -0.473022
0.218750 0.687500 -0.514891
0.218750 0.718750 -0.558790
0.218750 0.750000 -0.604719
0.218750 0.781250 -0.652677
0.218750 0.812500 -0.702665
0.218750 0.843750 -0.754679
0.218750 0.875000 -0.808719
0.218750 0.906250 -0.861538
0.218750 0.937500 -0.825546
0.218750 0.968750 -0.573465

0.250000 0.031250 -0.046476
0.250000 0.062500 -0.053065
0.250000 0.093750 -0.074999
0.250000 0.125000 -0.077324
0.250000 0.156250 -0.086849
0.250000 0.187500 -0.098351
0.250000 0.218750 -0.111822
0.250000 0.250000 -0.127254
0.250000 0.281250 -0.144641
0.250000 0.312500 -0.163974
0.250000 0.343750 -0.185246
0.250000 0.375000 -0.208449
0.250000 0.406250 -0.233577
0.250000 0.437500 -0.260622
0.250000 0.468750 -0.289579
0.250000 0.500000 -0.320440
0.250000 0.531250 -0.353201
0.250000 0.562500 -0.387856
0.250000 0.593750 -0.424400
0.250000 0.625000 -0.462830
0.250000 0.656250 -0.503143
0.250000 0.687500 -0.545335
0.250000 0.718750 -0.589404
0.250000 0.750000 -0.635351
0.250000 0.781250 -0.683173
0.250000 0.812500 -0.732872
0.250000 0.843750 -0.784448
0.250000 0.875000 -0.837903
0.250000 0.906250 -0.879014
0.250000 0.937500 -0.862510
0.250000 0.968750 -0.572596

0.281250 0.031250 -0.043502
0.281250 0.062500 -0.089604
0.281250 0.093750 -0.087887
0.281250 0.125000 -0.100933
0.281250 0.156250 -0.109016
0.281250 0.187500 -0.119022
0.281250 0.218750 -0.130958
0.281250 0.250000 -0.144831
0.281250 0.281250 -0.160649
0.281250 0.312500 -0.178419
0.281250 0.343750 -0.198148
0.281250 0.375000 -0.219845
0.281250 0.406250 -0.243516
0.281250 0.437500 -0.269169
0.281250 0.468750 -0.296810
0.281250 0.500000 -0.326447
0.281250 0.531250 -0.358085
0.281250 0.562500 -0.391729
0.281250 0.593750 -0.427386
0.281250 0.625000 -0.465059
0.281250 0.656250 -0.504753
0.281250 0.687500 -0.546471
0.281250 0.718750 -0.590215
0.281250 0.750000 -0.635988
0.281250 0.781250 -0.683790
0.281250 0.812500 -0.733623
0.281250 0.843750 -0.785485
0.281250 0.875000 -0.839376
0.281250 0.906250 -0.892916
0.281250 0.937500 -0.852087
0.281250 0.968750 -0.593433

0.312500 0.031250 -0.068437
0.312500 0.062500 -0.082932
0.312500 0.093750 -0.109554
0.312500 0.125000 -0.111083
0.312500 0.156250 -0.120540
0.312500 0.187500 -0.131988
0.312500 0.218750 -0.145419
0.312500 0.250000 -0.160826
0.312500 0.281250 -0.178203
0.312500 0.312500 -0.197541
0.312500 0.343750 -0.218834
0.312500 0.375000 -0.242074
0.312500 0.406250 -0.267252
0.312500 0.437500 -0.294363
0.312500 0.468750 -0.323398
0.312500 0.500000 -0.354351
0.312500 0.531250 -0.387215
0.312500 0.562500 -0.421984
0.312500 0.593750 -0.458653
0.312500 0.625000 -0.497216
0.312500 0.656250 -0.537669
0.312500 0.687500 -0.580008
0.312500 0.718750 -0.624229
0.312500 0.750000 -0.670329
0.312500 0.781250 -0.718308
0.312500 0.812500 -0.768163
0.312500 0.843750 -0.819894
0.312500 0.875000 -0.873502
0.312500 0.906250 -0.913486
0.312500 0.937500 -0.896278
0.312500 0.968750 -0.592580

0.343750 0.031250 -0.066209
0.343750 0.062500 -0.127190
0.343750 0.093750 -0.126988
0.343750 0.125000 -0.141309
0.343750 0.156250 -0.149474
0.343750 0.187500 -0.159549
0.343750 0.218750 -0.171540
0.343750 0.250000 -0.185453
0.343750 0.281250 -0.201296
0.343750 0.312500 -0.219075
0.343750 0.343750 -0.238799
0.343750 0.375000 -0.260475
0.343750 0.406250 -0.284111
0.343750 0.437500 -0.309713
0.343750 0.468750 -0.337290
0.343750 0.500000 -0.366848
0.343750 0.531250 -0.398394
0.343750 0.562500 -0.431936
0.343750 0.593750 -0.467478
0.343750 0.625000 -0.505027
0.343750 0.656250 -0.544588
0.343750 0.687500 -0.586165
0.343750 0.718750 -0.629763
0.343750 0.750000 -0.675385
0.343750 0.781250 -0.723033
0.343750 0.812500 -0.772709
0.343750 0.843750 -0.824415
0.343750 0.875000 -0.878152
0.343750 0.906250 -0.932091
0.343750 0.937500 -0.886278
0.343750 0.968750 -0.617861

0.375000 0.031250 -0.094805
0.375000 0.062500 -0.120413
0.375000 0.093750 -0.151799
0.375000 0.125000 -0.152835
0.375000 0.156250 -0.162197
0.375000 0.187500 -0.173562
0.375000 0.218750 -0.186924
0.375000 0.250000 -0.202277
0.375000 0.281250 -0.219613
0.375000 0.312500 -0.238926
0.375000 0.343750 -0.260209
0.375000 0.375000 -0.283453
0.375000 0.406250 -0.308653
0.375000 0.437500 -0.335799
0.375000 0.468750 -0.364884
0.375000 0.500000 -0.395902
0.375000 0.531250 -0.428844
0.375000 0.562500 -0.463704
0.375000 0.593750 -0.500476
0.375000 0.625000 -0.539154
0.375000 0.656250 -0.579730
0.375000 0.687500 -0.622202
0.375000 0.718750 -0.666563
0.375000 0.750000 -0.712810
0.375000 0.781250 -0.760940
0.375000 0.812500 -0.810949
0.375000 0.843750 -0.862836
0.375000 0.875000 -0.916600
0.375000 0.906250 -0.955668
0.375000 0.937500 -0.936615
0.375000 0.968750 -0.617500

0.406250 0.031250 -0.093898
0.406250 0.062500 -0.171376
0.406250 0.093750 -0.173894
0.406250 0.125000 -0.189291
0.406250 0.156250 -0.197564
0.406250 0.187500 -0.207734
0.406250 0.218750 -0.219808
0.406250 0.250000 -0.233790
0.406250 0.281250 -0.249688
0.406250 0.312500 -0.267508
0.406250 0.343750 -0.287258
0.406250 0.375000 -0.308944
0.406250 0.406250 -0.332575
0.406250 0.437500 -0.358157
0.406250 0.468750 -0.385698
0.406250 0.500000 -0.415206
0.406250 0.531250 -0.446688
0.406250 0.562500 -0.480152
0.406250 0.593750 -0.515603
0.406250 0.625000 -0.553049
0.406250 0.656250 -0.592496
0.406250 0.687500 -0.633950
0.406250 0.718750 -0.677415
0.406250 0.750000 -0.722896
0.406250 0.781250 -0.770398
0.406250 0.812500 -0.819924
0.406250 0.843750 -0.871476
0.406250 0.875000 -0.925056
0.406250 0.906250 -0.979046
0.406250 0.937500 -0.928175
0.406250 0.968750 -0.646710

0.437500 0.031250 -0.125555
0.437500 0.062500 -0.165575
0.437500 0.093750 -0.201747
0.437500 0.125000 -0.202628
0.437500 0.156250 -0.211873
0.437500 0.187500 -0.223130
0.437500 0.218750 -0.236397
0.437500 0.250000 -0.251666
0.437500 0.281250 -0.268933
0.437500 0.312500 -0.288191
0.437500 0.343750 -0.309433
0.437500 0.375000 -0.332651
0.437500 0.406250 -0.357840
0.437500 0.437500 -0.384990
0.437500 0.468750 -0.414096
0.437500 0.500000 -0.445148
0.437500 0.531250 -0.478141
0.437500 0.562500 -0.513065
0.437500 0.593750 -0.549915
0.437500 0.625000 -0.588683
0.437500 0.656250 -0.629363
0.437500 0.687500 -0.671948
0.437500 0.718750 -0.716433
0.437500 0.750000 -0.762812
0.437500 0.781250 -0.811082
0.437500 0.812500 -0.861237
0.437500 0.843750 -0.913275
0.437500 0.875000 -0.967193
0.437500 0.906250 -1.005580
0.437500 0.937500 -0.983475
0.437500 0.968750 -0.647389

0.468750 0.031250 -0.126587
0.468750 0.062500 -0.222105
0.468750 0.093750 -0.228588
0.468750 0.125000 -0.244838
0.468750 0.156250 -0.253238
0.468750 0.187500 -0.263526
0.468750 0.218750 -0.275707
0.468750 0.250000 -0.289785
0.468750 0.281250 -0.305766
0.468750 0.312500 -0.323656
0.468750 0.343750 -0.343461
0.468750 0.375000 -0.365189
0.468750 0.406250 -0.388846
0.468750 0.437500 -0.414439
0.468750 0.468750 -0.441975
0.468750 0.500000 -0.471464
0.468750 0.531250 -0.502911
0.468750 0.562500 -0.536325
0.468750 0.593750 -0.571712
0.468750 0.625000 -0.609081
0.468750 0.656250 -0.648437
0.468750 0.687500 -0.689788
0.468750 0.718750 -0.733140
0.468750 0.750000 -0.778498
0.468750 0.781250 -0.825867
0.468750 0.812500 -0.875253
0.468750 0.843750 -0.926658
0.468750 0.875000 -0.980088
0.468750 0.906250 -1.033763
0.468750 0.937500 -0.977813
0.468750 0.968750 -0.679952

0.500000 0.031250 -0.160677
0.500000 0.062500 -0.218463
0.500000 0.093750 -0.259416
0.500000 0.125000 -0.260501
0.500000 0.156250 -0.269610
0.500000 0.187500 -0.280740
0.500000 0.218750 -0.293888
0.500000 0.250000 -0.309050
0.500000 0.281250 -0.326221
0.500000 0.312500 -0.345395
0.500000 0.343750 -0.366567
0.500000 0.375000 -0.389730
0.500000 0.406250 -0.414877
0.500000 0.437500 -0.442001
0.500000 0.468750 -0.471096
0.500000 0.500000 -0.502152
0.500000 0.531250 -0.535164
0.500000 0.562500 -0.570123
0.500000 0.593750 -0.607022
0.500000 0.625000 -0.645854
0.500000 0.656250 -0.686611
0.500000 0.687500 -0.729286
0.500000 0.718750 -0.773874
0.500000 0.750000 -0.820367
0.500000 0.781250 -0.868760
0.500000 0.812500 -0.919048
0.500000 0.843750 -0.971225
0.500000 0.875000 -1.025290
0.500000 0.906250 -1.063239
0.500000 0.937500 -1.036837
0.500000 0.968750 -0.682270

0.531250 0.031250 -0.164279
0.531250 0.062500 -0.279344
0.531250 0.093750 -0.291052
0.531250 0.125000 -0.307913
0.531250 0.156250 -0.316456
0.531250 0.187500 -0.326881
0.531250 0.218750 -0.339189
0.531250 0.250000 -0.353385
0.531250 0.281250 -0.369474
0.531250 0.312500 -0.387460
0.531250 0.343750 -0.407349
0.531250 0.375000 -0.429147
0.531250 0.406250 -0.452860
0.531250 0.437500 -0.478494
0.531250 0.468750 -0.506058
0.531250 0.500000 -0.535558
0.531250 0.531250 -0.567001
0.531250 0.562500 -0.600395
0.531250 0.593750 -0.635749
0.531250 0.625000 -0.673068
0.531250 0.656250 -0.712361
0.531250 0.687500 -0.753635
0.531250 0.718750 -0.796896
0.531250 0.750000 -0.842152
0.531250 0.781250 -0.889408
0.531250 0.812500 -0.938670
0.531250 0.843750 -0.989944
0.531250 0.875000 -1.043234
0.531250 0.906250 -1.096224
0.531250 0.937500 -1.035201
0.531250 0.968750 -0.717569

0.562500 0.031250 -0.200171
0.562500 0.062500 -0.279100
0.562500 0.093750 -0.324824
0.562500 0.125000 -0.326483
0.562500 0.156250 -0.335443
0.562500 0.187500 -0.346430
0.562500 0.218750 -0.359442
0.562500 0.250000 -0.374476
0.562500 0.281250 -0.391529
0.562500 0.312500 -0.410595
0.562500 0.343750 -0.431671
0.562500 0.375000 -0.454750
0.562500 0.406250 -0.479826
0.562500 0.437500 -0.506894
0.562500 0.468750 -0.535947
0.562500 0.500000 -0.566977
0.562500 0.531250 -0.599977
0.562500 0.562500 -0.634939
0.562500 0.593750 -0.671858
0.562500 0.625000 -0.710723
0.562500 0.656250 -0.751529
0.562500 0.687500 -0.794268
0.562500 0.718750 -0.838932
0.562500 0.750000 -0.885515
0.562500 0.781250 -0.934010
0.562500 0.812500 -0.984411
0.562500 0.843750 -1.036712
0.562500 0.875000 -1.090908
0.562500 0.906250 -1.128663
0.562500 0.937500 -1.096703
0.562500 0.968750 -0.722156

0.593750 0.031250 -0.206969
0.593750 0.062500 -0.343082
0.593750 0.093750 -0.361268
0.593750 0.125000 -0.378496
0.593750 0.156250 -0.387191
0.593750 0.187500 -0.397764
0.593750 0.218750 -0.410215
0.593750 0.250000 -0.424548
0.593750 0.281250 -0.440765
0.593750 0.312500 -0.458870
0.593750 0.343750 -0.478867
0.593750 0.375000 -0.500761
0.593750 0.406250 -0.524558
0.593750 0.437500 -0.550263
0.593750 0.468750 -0.577883
0.593750 0.500000 -0.607425
0.593750 0.531250 -0.638895
0.593750 0.562500 -0.672302
0.593750 0.593750 -0.707651
0.593750 0.625000 -0.744952
0.593750 0.656250 -0.784211
0.593750 0.687500 -0.825436
0.593750 0.718750 -0.868635
0.593750 0.750000 -0.913814
0.593750 0.781250 -0.960980
0.593750 0.812500 -1.010141
0.593750 0.843750 -1.061302
0.593750 0.875000 -1.114468
0.593750 0.906250 -1.166410
0.593750 0.937500 -1.100323
0.593750 0.968750 -0.759557

0.625000 0.031250 -0.244053
0.625000 0.062500 -0.347482
0.625000 0.093750 -0.397989
0.625000 0.125000 -0.400590
0.625000 0.156250 -0.409394
0.625000 0.187500 -0.420229
0.625000 0.218750 -0.433092
0.625000 0.250000 -0.447983
0.625000 0.281250 -0.464899
0.625000 0.312500 -0.483838
0.625000 0.343750 -0.504794
0.625000 0.375000 -0.527765
0.625000 0.406250 -0.552745
0.625000 0.437500 -0.579729
0.625000 0.468750 -0.608710
0.625000 0.500000 -0.639683
0.625000 0.531250 -0.672641
0.625000 0.562500 -0.707577
0.625000 0.593750 -0.744483
0.625000 0.625000 -0.783351
0.625000 0.656250 -0.824176
0.625000 0.687500 -0.866948
0.625000 0.718750 -0.911661
0.625000 0.750000 -0.958306
0.625000 0.781250 -1.006878
0.625000 0.812500 -1.057368
0.625000 0.843750 -1.109771
0.625000 0.875000 -1.164080
0.625000 0.906250 -1.201871
0.625000 0.937500 -1.163101
0.625000 0.968750 -0.767043

0.656250 0.031250 -0.254635
0.656250 0.062500 -0.413336
0.656250 0.093750 -0.439217
0.656250 0.125000 -0.456574
0.656250 0.156250 -0.465426
0.656250 0.187500 -0.476154
0.656250 0.218750 -0.488758
0.656250 0.250000 -0.503239
0.656250 0.281250 -0.519600
0.656250 0.312500 -0.537841
0.656250 0.343750 -0.557966
0.656250 0.375000 -0.579979
0.656250 0.406250 -0.603884
0.656250 0.437500 -0.629686
0.656250 0.468750 -0.657391
0.656250 0.500000 -0.687004
0.656250 0.531250 -0.718531
0.656250 0.562500 -0.751980
0.656250 0.593750 -0.787358
0.656250 0.625000 -0.824671
0.656250 0.656250 -0.863927
0.656250 0.687500 -0.905134
0.656250 0.718750 -0.948299
0.656250 0.750000 -0.993430
0.656250 0.781250 -1.040534
0.656250 0.812500 -1.089618
0.656250 0.843750 -1.140689
0.656250 0.875000 -1.193755
0.656250 0.906250 -1.244304
0.656250 0.937500 -1.173141
0.656250 0.968750 -0.805923

0.687500 0.031250 -0.292347
0.687500 0.062500 -0.423582
0.687500 0.093750 -0.478929
0.687500 0.125000 -0.482826
0.687500 0.156250 -0.491475
0.687500 0.187500 -0.502153
0.687500 0.218750 -0.514861
0.687500 0.250000 -0.529599
0.687500 0.281250 -0.546367
0.687500 0.312500 -0.565162
0.687500 0.343750 -0.585982
0.687500 0.375000 -0.608824
0.687500 0.406250 -0.633685
0.687500 0.437500 -0.660560
0.687500 0.468750 -0.689445
0.687500 0.500000 -0.720333
0.687500 0.531250 -0.753220
0.687500 0.562500 -0.788098
0.687500 0.593750 -0.824961
0.687500 0.625000 -0.863802
0.687500 0.656250 -0.904614
0.687500 0.687500 -0.947388
0.687500 0.718750 -0.992119
0.687500 0.750000 -1.038798
0.687500 0.781250 -1.087417
0.687500 0.812500 -1.137970
0.687500 0.843750 -1.190449
0.687500 0.875000 -1.244847
0.687500 0.906250 -1.282879
0.687500 0.937500 -1.236083
0.687500 0.968750 -0.816918

0.718750 0.031250 -0.307246
0.718750 0.062500 -0.490145
0.718750 0.093750 -0.524882
0.718750 0.125000 -0.542149
0.718750 0.156250 -0.551155
0.718750 0.187500 -0.562039
0.718750 0.218750 -0.574800
0.718750 0.250000 -0.589437
0.718750 0.281250 -0.605950
0.718750 0.312500 -0.624340
0.718750 0.343750 -0.644609
0.718750 0.375000 -0.666758
0.718750 0.406250 -0.690792
0.718750 0.437500 -0.716713
0.718750 0.468750 -0.744527
0.718750 0.500000 -0.774237
0.718750 0.531250 -0.805849
0.718750 0.562500 -0.839370
0.718750 0.593750 -0.874805
0.718750 0.625000 -0.912161
0.718750 0.656250 -0.951445
0.718750 0.687500 -0.992665
0.718750 0.718750 -1.035827
0.718750 0.750000 -1.080940
0.718750 0.781250 -1.128012
0.718750 0.812500 -1.177048
0.718750 0.843750 -1.228058
0.718750 0.875000 -1.281047
0.718750 0.906250 -1.329891
0.718750 0.937500 -1.253591
0.718750 0.968750 -0.856688

0.750000 0.031250 -0.345090
0.750000 0.062500 -0.507349
0.750000 0.093750 -0.567662
0.750000 0.125000 -0.573185
0.750000 0.156250 -0.581683
0.750000 0.187500 -0.592207
0.750000 0.218750 -0.604760
0.750000 0.250000 -0.619341
0.750000 0.281250 -0.635953
0.750000 0.312500 -0.654595
0.750000 0.343750 -0.675266
0.750000 0.375000 -0.697965
0.750000 0.406250 -0.722689
0.750000 0.437500 -0.749436
0.750000 0.468750 -0.778201
0.750000 0.500000 -0.808980
0.750000 0.531250 -0.841769
0.750000 0.562500 -0.876562
0.750000 0.593750 -0.913354
0.750000 0.625000 -0.952137
0.750000 0.656250 -0.992905
0.750000 0.687500 -1.035652
0.750000 0.718750 -1.080370
0.750000 0.750000 -1.127050
0.750000 0.781250 -1.175687
0.750000 0.812500 -1.226273
0.750000 0.843750 -1.278799
0.750000 0.875000 -1.333259
0.750000 0.906250 -1.371701
0.750000 0.937500 -1.315721
0.750000 0.968750 -0.871755

0.781250 0.031250 -0.364762
0.781250 0.062500 -0.573571
0.781250 0.093750 -0.618247
0.781250 0.125000 -0.635237
0.781250 0.156250 -0.644388
0.781250 0.187500 -0.655422
0.781250 0.218750 -0.668337
0.781250 0.250000 -0.683129
0.781250 0.281250 -0.699799
0.781250 0.312500 -0.718344
0.781250 0.343750 -0.738766
0.781250 0.375000 -0.761065
0.781250 0.406250 -0.785242
0.781250 0.437500 -0.811301
0.781250 0.468750 -0.839243
0.781250 0.500000 -0.869073
0.781250 0.531250 -0.900794
0.781250 0.562500 -0.934412
0.781250 0.593750 -0.969932
0.781250 0.625000 -1.007360
0.781250 0.656250 -1.046703
0.781250 0.687500 -1.087966
0.781250 0.718750 -1.131157
0.781250 0.750000 -1.176284
0.781250 0.781250 -1.223353
0.781250 0.812500 -1.272372
0.781250 0.843750 -1.323349
0.781250 0.875000 -1.376292
0.781250 0.906250 -1.423157
0.781250 0.937500 -1.341592
0.781250 0.968750 -0.911884

0.812500 0.031250 -0.402329
0.812500 0.062500 -0.598710
0.812500 0.093750 -0.664204
0.812500 0.125000 -0.671644
0.812500 0.156250 -0.680004
0.812500 0.187500 -0.690383
0.812500 0.218750 -0.702785
0.812500 0.250000 -0.717213
0.812500 0.281250 -0.733669
0.812500 0.312500 -0.752155
0.812500 0.343750 -0.772670
0.812500 0.375000 -0.795216
0.812500 0.406250 -0.819791
0.812500 0.437500 -0.846394
0.812500 0.468750 -0.875022
0.812500 0.500000 -0.905672
0.812500 0.531250 -0.938341
0.812500 0.562500 -0.973025
0.812500 0.593750 -1.009719
0.812500 0.625000 -1.048417
0.812500 0.656250 -1.089113
0.812500 0.687500 -1.131801
0.812500 0.718750 -1.176475
0.812500 0.750000 -1.223127
0.812500 0.781250 -1.271750
0.812500 0.812500 -1.322338
0.812500 0.843750 -1.374881
0.812500 0.875000 -1.429373
0.812500 0.906250 -1.468350
0.812500 0.937500 -1.402106
0.812500 0.968750 -0.931516

0.843750 0.031250 -0.427131
0.843750 0.062500 -0.663696
0.843750 0.093750 -0.719296
0.843750 0.125000 -0.735863
0.843750 0.156250 -0.745145
0.843750 0.187500 -0.756318
0.843750 0.218750 -0.769378
0.843750 0.250000 -0.784320
0.843750 0.281250 -0.801143
0.843750 0.312500 -0.819845
0.843750 0.343750 -0.840423
0.843750 0.375000 -0.862877
0.843750 0.406250 -0.887208
0.843750 0.437500 -0.913415
0.843750 0.468750 -0.941501
0.843750 0.500000 -0.971468
0.843750 0.531250 -1.003319
0.843750 0.562500 -1.037057
0.843750 0.593750 -1.072686
0.843750 0.625000 -1.110213
0.843750 0.656250 -1.149641
0.843750 0.687500 -1.190976
0.843750 0.718750 -1.234226
0.843750 0.750000 -1.279396
0.843750 0.781250 -1.326495
0.843750 0.812500 -1.375528
0.843750 0.843750 -1.426503
0.843750 0.875000 -1.479429
0.843750 0.906250 -1.524091
0.843750 0.937500 -1.437045
0.843750 0.968750 -0.971552

0.875000 0.031250 -0.464116
0.875000 0.062500 -0.697574
0.875000 0.093750 -0.768567
0.875000 0.125000 -0.778173
0.875000 0.156250 -0.786411
0.875000 0.187500 -0.796659
0.875000 0.218750 -0.808923
0.875000 0.250000 -0.823206
0.875000 0.281250 -0.839512
0.875000 0.312500 -0.857844
0.875000 0.343750 -0.878204
0.875000 0.375000 -0.900593
0.875000 0.406250 -0.925013
0.875000 0.437500 -0.951462
0.875000 0.468750 -0.979941
0.875000 0.500000 -1.010447
0.875000 0.531250 -1.042979
0.875000 0.562500 -1.077534
0.875000 0.593750 -1.114107
0.875000 0.625000 -1.152696
0.875000 0.656250 -1.193294
0.875000 0.687500 -1.235896
0.875000 0.718750 -1.280497
0.875000 0.750000 -1.327091
0.875000 0.781250 -1.375670
0.875000 0.812500 -1.426227
0.875000 0.843750 -1.478756
0.875000 0.875000 -1.533250
0.875000 0.906250 -1.572835
0.875000 0.937500 -1.495344
0.875000 0.968750 -0.996156

0.906250 0.031250 -0.486692
0.906250 0.062500 -0.753771
0.906250 0.093750 -0.821901
0.906250 0.125000 -0.838643
0.906250 0.156250 -0.848691
0.906250 0.187500 -0.860591
0.906250 0.218750 -0.874332
0.906250 0.250000 -0.889902
0.906250 0.281250 -0.907291
0.906250 0.312500 -0.926491
0.906250 0.343750 -0.947494
0.906250 0.375000 -0.970294
0.906250 0.406250 -0.994886
0.906250 0.437500 -1.021265
0.906250 0.468750 -1.049430
0.906250 0.500000 -1.079381
0.906250 0.531250 -1.111117
0.906250 0.562500 -1.144642
0.906250 0.593750 -1.179959
0.906250 0.625000 -1.217072
0.906250 0.656250 -1.255989
0.906250 0.687500 -1.296718
0.906250 0.718750 -1.339266
0.906250 0.750000 -1.383644
0.906250 0.781250 -1.429863
0.906250 0.812500 -1.477936
0.906250 0.843750 -1.527875
0.906250 0.875000 -1.579693
0.906250 0.906250 -1.620812
0.906250 0.937500 -1.526751
0.906250 0.968750 -1.021410

0.937500 0.031250 -0.470321
0.937500 0.062500 -0.723691
0.937500 0.093750 -0.805559
0.937500 0.125000 -0.822165
0.937500 0.156250 -0.834588
0.937500 0.187500 -0.848608
0.937500 0.218750 -0.864185
0.937500 0.250000 -0.881280
0.937500 0.281250 -0.899857
0.937500 0.312500 -0.919883
0.937500 0.343750 -0.941328
0.937500 0.375000 -0.964166
0.937500 0.406250 -0.988374
0.937500 0.437500 -1.013934
0.937500 0.468750 -1.040830
0.937500 0.500000 -1.069054
0.937500 0.531250 -1.098598
0.937500 0.562500 -1.129461
0.937500 0.593750 -1.161646
0.937500 0.625000 -1.195161
0.937500 0.656250 -1.230018
0.937500 0.687500 -1.266231
0.937500 0.718750 -1.303822
0.937500 0.750000 -1.342815
0.937500 0.781250 -1.383236
0.937500 0.812500 -1.425117
0.937500 0.843750 -1.468492
0.937500 0.875000 -1.513398
0.937500 0.906250 -1.543646
0.937500 0.937500 -1.443726
0.937500 0.968750 -0.949996

0.968750 0.031250 -0.317226
0.968750 0.062500 -0.503948
0.968750 0.093750 -0.567522
0.968750 0.125000 -0.590731
0.968750 0.156250 -0.606793
0.968750 0.187500 -0.623528
0.968750 0.218750 -0.640837
0.968750 0.250000 -0.658625
0.968750 0.281250 -0.676808
0.968750 0.312500 -0.695305
0.968750 0.343750 -0.714046
0.968750 0.375000 -0.732968
0.968750 0.406250 -0.752020
0.968750 0.437500 -0.771160
0.968750 0.468750 -0.790354
0.968750 0.500000 -0.809582
0.968750 0.531250 -0.828834
0.968750 0.562500 -0.848111
0.968750 0.593750 -0.867424
0.968750 0.625000 -0.886796
0.968750 0.656250 -0.906261
0.968750 0.687500 -0.925862
0.968750 0.718750 -0.945654
0.968750 0.750000 -0.965699
0.968750 0.781250 -0.986069
0.968750 0.812500 -1.006846
0.968750 0.843750 -1.028116
0.968750 0.875000 -1.049974
0.968750 0.906250 -1.057414
0.968750 0.937500 -0.971629
0.968750 0.968750 -0.630650

