
0.066667 0.066667 0.009931
0.133333 0.066667 0.019868
0.200000 0.066667 0.030235
0.266667 0.066667 0.041831
0.333333 0.066667 0.055461
0.400000 0.066667 0.071657
0.466667 0.066667 0.090665
0.533333 0.066667 0.112546
0.600000 0.066667 0.137164
0.666667 0.066667 0.163761
0.733333 0.066667 0.189682
0.800000 0.066667 0.208195
0.866667 0.066667 0.207283
0.933333 0.066667 0.173164
1.000000 0.066667 0.100142

0.066667 0.133333 0.019868
0.133333 0.133333 0.039326
0.200000 0.133333 0.058950
0.266667 0.133333 0.080265
0.333333 0.133333 0.104917
0.400000 0.133333 0.134035
0.466667 0.133333 0.168154
0.533333 0.133333 0.207421
0.600000 0.133333 0.251616
0.666667 0.133333 0.299424
0.733333 0.133333 0.346117
0.800000 0.133333 0.379587
0.866667 0.133333 0.377940
0.933333 0.133333 0.315900
1.000000 0.133333 0.182779

0.066667 0.200000 0.030235
0.133333 0.200000 0.058950
0.200000 0.200000 0.086458
0.266667 0.200000 0.114909
0.333333 0.200000 0.146896
0.400000 0.200000 0.184267
0.466667 0.200000 0.227924
0.533333 0.200000 0.278142
0.600000 0.200000 0.334685
0.666667 0.200000 0.395925
0.733333 0.200000 0.455881
0.800000 0.200000 0.498923
0.866667 0.200000 0.496465
0.933333 0.200000 0.415064
1.000000 0.200000 0.240268

0.066667 0.266667 0.041831
0.133333 0.266667 0.080265
0.200000 0.266667 0.114909
0.266667 0.266667 0.148505
0.333333 0.266667 0.184755
0.400000 0.266667 0.226409
0.466667 0.266667 0.274843
0.533333 0.266667 0.330506
0.600000 0.266667 0.393186
0.666667 0.266667 0.461124
0.733333 0.266667 0.527680
0.800000 0.266667 0.575279
0.866667 0.266667 0.571337
0.933333 0.266667 0.477361
1.000000 0.266667 0.276314

0.066667 0.333333 0.055461
0.133333 0.333333 0.104917
0.200000 0.333333 0.146896
0.266667 0.333333 0.184755
0.333333 0.333333 0.223540
0.400000 0.333333 0.267120
0.466667 0.333333 0.317468
0.533333 0.333333 0.375253
0.600000 0.333333 0.440312
0.666667 0.333333 0.510814
0.733333 0.333333 0.579769
0.800000 0.333333 0.628469
0.866667 0.333333 0.621990
0.933333 0.333333 0.518729
1.000000 0.333333 0.300027

0.066667 0.400000 0.071657
0.133333 0.400000 0.134035
0.200000 0.400000 0.184267
0.266667 0.400000 0.226409
0.333333 0.400000 0.267120
0.400000 0.400000 0.311627
0.466667 0.400000 0.362628
0.533333 0.400000 0.421060
0.600000 0.400000 0.486819
0.666667 0.400000 0.558017
0.733333 0.400000 0.627367
0.800000 0.400000 0.675312
0.866667 0.400000 0.665188
0.933333 0.400000 0.553178
1.000000 0.400000 0.319486

0.066667 0.466667 0.090665
0.133333 0.466667 0.168154
0.200000 0.466667 0.227924
0.266667 0.466667 0.274843
0.333333 0.466667 0.317468
0.400000 0.466667 0.362628
0.466667 0.466667 0.413875
0.533333 0.466667 0.472468
0.600000 0.466667 0.538371
0.666667 0.466667 0.609626
0.733333 0.466667 0.678628
0.800000 0.466667 0.724942
0.866667 0.466667 0.710225
0.933333 0.466667 0.588594
1.000000 0.466667 0.339307

0.066667 0.533333 0.112546
0.133333 0.533333 0.207421
0.200000 0.533333 0.278142
0.266667 0.533333 0.330506
0.333333 0.533333 0.375253
0.400000 0.533333 0.421060
0.466667 0.533333 0.472468
0.533333 0.533333 0.531102
0.600000 0.533333 0.597008
0.666667 0.533333 0.668147
0.733333 0.533333 0.736547
0.800000 0.533333 0.780783
0.866667 0.533333 0.760654
0.933333 0.533333 0.628067
1.000000 0.533333 0.361319

0.066667 0.600000 0.137164
0.133333 0.600000 0.251616
0.200000 0.600000 0.334685
0.266667 0.600000 0.393186
0.333333 0.600000 0.440312
0.400000 0.600000 0.486819
0.466667 0.600000 0.538371
0.533333 0.600000 0.597008
0.600000 0.600000 0.662867
0.666667 0.600000 0.733817
0.733333 0.600000 0.801472
0.800000 0.600000 0.843285
0.866667 0.600000 0.816986
0.933333 0.600000 0.672056
1.000000 0.600000 0.385806

0.066667 0.666667 0.163761
0.133333 0.666667 0.299424
0.200000 0.666667 0.395925
0.266667 0.666667 0.461124
0.333333 0.666667 0.510814
0.400000 0.666667 0.558017
0.466667 0.666667 0.609626
0.533333 0.666667 0.668147
0.600000 0.666667 0.733817
0.666667 0.666667 0.804407
0.733333 0.666667 0.871061
0.800000 0.666667 0.910026
0.866667 0.666667 0.876846
0.933333 0.666667 0.718567
1.000000 0.666667 0.411590

0.066667 0.733333 0.189682
0.133333 0.733333 0.346117
0.200000 0.733333 0.455881
0.266667 0.733333 0.527680
0.333333 0.733333 0.579769
0.400000 0.733333 0.627367
0.466667 0.733333 0.678628
0.533333 0.733333 0.736547
0.600000 0.733333 0.801472
0.666667 0.733333 0.871061
0.733333 0.733333 0.935998
0.800000 0.733333 0.971394
0.866667 0.733333 0.930975
0.933333 0.733333 0.759929
1.000000 0.733333 0.434248

0.066667 0.800000 0.208195
0.133333 0.800000 0.379587
0.200000 0.800000 0.498923
0.266667 0.800000 0.575279
0.333333 0.800000 0.628469
0.400000 0.800000 0.675312
0.466667 0.800000 0.724942
0.533333 0.800000 0.780783
0.600000 0.800000 0.843285
0.666667 0.800000 0.910026
0.733333 0.800000 0.971394
0.800000 0.800000 1.002053
0.866667 0.800000 0.955350
0.933333 0.800000 0.776683
1.000000 0.800000 0.442678

0.066667 0.866667 0.207283
0.133333 0.866667 0.377940
0.200000 0.866667 0.496465
0.266667 0.866667 0.571337
0.333333 0.866667 0.621990
0.400000 0.866667 0.665188
0.466667 0.866667 0.710225
0.533333 0.866667 0.760654
0.600000 0.866667 0.816986
0.666667 0.866667 0.876846
0.733333 0.866667 0.930975
0.800000 0.866667 0.955350
0.866667 0.866667 0.906473
0.933333 0.866667 0.734053
1.000000 0.866667 0.417316

0.066667 0.933333 0.173164
0.133333 0.933333 0.315900
0.200000 0.933333 0.415064
0.266667 0.933333 0.477361
0.333333 0.933333 0.518729
0.400000 0.933333 0.553178
0.466667 0.933333 0.588594
0.533333 0.933333 0.628067
0.600000 0.933333 0.672056
0.666667 0.933333 0.718567
0.733333 0.933333 0.759929
0.800000 0.933333 0.776683
0.866667 0.933333 0.734053
0.933333 0.933333 0.592474
1.000000 0.933333 0.336075

0.066667 1.000000 0.100142
0.133333 1.000000 0.182779
0.200000 1.000000 0.240268
0.266667 1.000000 0.276314
0.333333 1.000000 0.300027
0.400000 1.000000 0.319486
0.466667 1.000000 0.339307
0.533333 1.000000 0.361319
0.600000 1.000000 0.385806
0.666667 1.000000 0.411590
0.733333 1.000000 0.434248
0.800000 1.000000 0.442678
0.866667 1.000000 0.417316
0.933333 1.000000 0.336075
1.000000 1.000000 0.190354

