0.000000 0 0.000000
0.025641 0 0.000625
0.051282 0 0.002500
0.076923 0 0.005625
0.102564 0 0.010000
0.128205 0 0.015625
0.153846 0 0.022500
0.179487 0 0.030625
0.205128 0 0.040000
0.230769 0 0.050625
0.256410 0 0.062500
0.282051 0 0.075625
0.307692 0 0.090000
0.333333 0 0.105625
0.358974 0 0.122500
0.384615 0 0.140625
0.410256 0 0.160000
0.435897 0 0.180625
0.461538 0 0.202500
0.487179 0 0.225625
0.512821 0 0.250000
0.538462 0 0.275625
0.564103 0 0.302500
0.589744 0 0.330625
0.615385 0 0.360000
0.641026 0 0.390625
0.666667 0 0.422500
0.692308 0 0.455625
0.717949 0 0.490000
0.743590 0 0.525625
0.769231 0 0.562500
0.794872 0 0.600625
0.820513 0 0.640000
0.846154 0 0.680625
0.871795 0 0.722500
0.897436 0 0.765625
0.923077 0 0.810000
0.948718 0 0.855625
0.974359 0 0.902500
1.000000 0 0.950625

0 0.025641 0.000625
0.025641 0.025641 0.001286
0.051282 0.025641 0.003197
0.076923 0.025641 0.006374
0.102564 0.025641 0.010789
0.128205 0.025641 0.016428
0.153846 0.025641 0.023294
0.179487 0.025641 0.031392
0.205128 0.025641 0.040729
0.230769 0.025641 0.051312
0.256410 0.025641 0.063145
0.282051 0.025641 0.076230
0.307692 0.025641 0.090569
0.333333 0.025641 0.106162
0.358974 0.025641 0.123011
0.384615 0.025641 0.141114
0.410256 0.025641 0.160471
0.435897 0.025641 0.181083
0.461538 0.025641 0.202950
0.487179 0.025641 0.226071
0.512821 0.025641 0.250449
0.538462 0.025641 0.276083
0.564103 0.025641 0.302973
0.589744 0.025641 0.331120
0.615385 0.025641 0.360523
0.641026 0.025641 0.391179
0.666667 0.025641 0.423085
0.692308 0.025641 0.456240
0.717949 0.025641 0.490639
0.743590 0.025641 0.526281
0.769231 0.025641 0.563167
0.794872 0.025641 0.601299
0.820513 0.025641 0.640681
0.846154 0.025641 0.681320
0.871795 0.025641 0.723224
0.897436 0.025641 0.766399
0.923077 0.025641 0.810847
0.948718 0.025641 0.856562
0.974359 0.025641 0.903513
1.000000 0.025641 0.951577

0 0.051282 0.002500
0.025641 0.051282 0.003197
0.051282 0.051282 0.005129
0.076923 0.051282 0.008335
0.102564 0.051282 0.012789
0.128205 0.051282 0.018469
0.153846 0.051282 0.025364
0.179487 0.051282 0.033476
0.205128 0.051282 0.042812
0.230769 0.051282 0.053383
0.256410 0.051282 0.065196
0.282051 0.051282 0.078257
0.307692 0.051282 0.092570
0.333333 0.051282 0.108136
0.358974 0.051282 0.124956
0.384615 0.051282 0.143029
0.410256 0.051282 0.162356
0.435897 0.051282 0.182937
0.461538 0.051282 0.204772
0.487179 0.051282 0.227863
0.512821 0.051282 0.252213
0.538462 0.051282 0.277824
0.564103 0.051282 0.304698
0.589744 0.051282 0.332835
0.615385 0.051282 0.362235
0.641026 0.051282 0.392893
0.666667 0.051282 0.424805
0.692308 0.051282 0.457962
0.717949 0.051282 0.492356
0.743590 0.051282 0.527982
0.769231 0.051282 0.564836
0.794872 0.051282 0.602919
0.820513 0.051282 0.642241
0.846154 0.051282 0.682816
0.871795 0.051282 0.724661
0.897436 0.051282 0.767796
0.923077 0.051282 0.812234
0.948718 0.051282 0.857989
0.974359 0.051282 0.905075
1.000000 0.051282 0.953404

0 0.076923 0.005625
0.025641 0.076923 0.006375
0.051282 0.076923 0.008335
0.076923 0.076923 0.011556
0.102564 0.076923 0.016023
0.128205 0.076923 0.021728
0.153846 0.076923 0.028654
0.179487 0.076923 0.036793
0.205128 0.076923 0.046150
0.230769 0.076923 0.056732
0.256410 0.076923 0.068549
0.282051 0.076923 0.081610
0.307692 0.076923 0.095919
0.333333 0.076923 0.111479
0.358974 0.076923 0.128291
0.384615 0.076923 0.146355
0.410256 0.076923 0.165669
0.435897 0.076923 0.186233
0.461538 0.076923 0.208048
0.487179 0.076923 0.231116
0.512821 0.076923 0.255441
0.538462 0.076923 0.281027
0.564103 0.076923 0.307880
0.589744 0.076923 0.336003
0.615385 0.076923 0.365397
0.641026 0.076923 0.396059
0.666667 0.076923 0.427982
0.692308 0.076923 0.461156
0.717949 0.076923 0.495566
0.743590 0.076923 0.531199
0.769231 0.076923 0.568043
0.794872 0.076923 0.606095
0.820513 0.076923 0.645360
0.846154 0.076923 0.685855
0.871795 0.076923 0.727609
0.897436 0.076923 0.770653
0.923077 0.076923 0.815013
0.948718 0.076923 0.860704
0.974359 0.076923 0.907743
1.000000 0.076923 0.956184

0 0.102564 0.010000
0.025641 0.102564 0.010789
0.051282 0.102564 0.012790
0.076923 0.102564 0.016024
0.102564 0.102564 0.020483
0.128205 0.102564 0.026180
0.153846 0.102564 0.033108
0.179487 0.102564 0.041257
0.205128 0.102564 0.050623
0.230769 0.102564 0.061213
0.256410 0.102564 0.073034
0.282051 0.102564 0.086097
0.307692 0.102564 0.100407
0.333333 0.102564 0.115967
0.358974 0.102564 0.132780
0.384615 0.102564 0.150844
0.410256 0.102564 0.170155
0.435897 0.102564 0.190712
0.461538 0.102564 0.212515
0.487179 0.102564 0.235563
0.512821 0.102564 0.259862
0.538462 0.102564 0.285418
0.564103 0.102564 0.312238
0.589744 0.102564 0.340330
0.615385 0.102564 0.369700
0.641026 0.102564 0.400350
0.666667 0.102564 0.432275
0.692308 0.102564 0.465464
0.717949 0.102564 0.499900
0.743590 0.102564 0.535563
0.769231 0.102564 0.572433
0.794872 0.102564 0.610497
0.820513 0.102564 0.649752
0.846154 0.102564 0.690215
0.871795 0.102564 0.731919
0.897436 0.102564 0.774916
0.923077 0.102564 0.819259
0.948718 0.102564 0.864973
0.974359 0.102564 0.912020
1.000000 0.102564 0.960295

0 0.128205 0.015625
0.025641 0.128205 0.016429
0.051282 0.128205 0.018471
0.076923 0.128205 0.021730
0.102564 0.128205 0.026181
0.128205 0.128205 0.031855
0.153846 0.128205 0.038763
0.179487 0.128205 0.046899
0.205128 0.128205 0.056258
0.230769 0.128205 0.066841
0.256410 0.128205 0.078656
0.282051 0.128205 0.091712
0.307692 0.128205 0.106018
0.333333 0.128205 0.121577
0.358974 0.128205 0.138392
0.384615 0.128205 0.156460
0.410256 0.128205 0.175778
0.435897 0.128205 0.196341
0.461538 0.128205 0.218144
0.487179 0.128205 0.241187
0.512821 0.128205 0.265470
0.538462 0.128205 0.291001
0.564103 0.128205 0.317789
0.589744 0.128205 0.345846
0.615385 0.128205 0.375183
0.641026 0.128205 0.405809
0.666667 0.128205 0.437725
0.692308 0.128205 0.470926
0.717949 0.128205 0.505396
0.743590 0.128205 0.541114
0.769231 0.128205 0.578053
0.794872 0.128205 0.616190
0.820513 0.128205 0.655511
0.846154 0.128205 0.696019
0.871795 0.128205 0.737743
0.897436 0.128205 0.780733
0.923077 0.128205 0.825050
0.948718 0.128205 0.870725
0.974359 0.128205 0.917699
1.000000 0.128205 0.965762

0 0.153846 0.022500
0.025641 0.153846 0.023295
0.051282 0.153846 0.025367
0.076923 0.153846 0.028657
0.102564 0.153846 0.033111
0.128205 0.153846 0.038765
0.153846 0.153846 0.045645
0.179487 0.153846 0.053757
0.205128 0.153846 0.063096
0.230769 0.153846 0.073662
0.256410 0.153846 0.085459
0.282051 0.153846 0.098498
0.307692 0.153846 0.112787
0.333333 0.153846 0.128335
0.358974 0.153846 0.145146
0.384615 0.153846 0.163216
0.410256 0.153846 0.182543
0.435897 0.153846 0.203119
0.461538 0.153846 0.224936
0.487179 0.153846 0.247989
0.512821 0.153846 0.272275
0.538462 0.153846 0.297798
0.564103 0.153846 0.324567
0.589744 0.153846 0.352595
0.615385 0.153846 0.381898
0.641026 0.153846 0.412492
0.666667 0.153846 0.444389
0.692308 0.153846 0.477592
0.717949 0.153846 0.512092
0.743590 0.153846 0.547871
0.769231 0.153846 0.584901
0.794872 0.153846 0.623150
0.820513 0.153846 0.662591
0.846154 0.153846 0.703207
0.871795 0.153846 0.745005
0.897436 0.153846 0.788015
0.923077 0.153846 0.832285
0.948718 0.153846 0.877849
0.974359 0.153846 0.924674
1.000000 0.153846 0.972579

0 0.179487 0.030625
0.025641 0.179487 0.031394
0.051282 0.179487 0.033480
0.076923 0.179487 0.036799
0.102564 0.179487 0.041262
0.128205 0.179487 0.046904
0.153846 0.179487 0.053759
0.179487 0.179487 0.061846
0.205128 0.179487 0.071163
0.230769 0.179487 0.081708
0.256410 0.179487 0.093484
0.282051 0.179487 0.106499
0.307692 0.179487 0.120765
0.333333 0.179487 0.136291
0.358974 0.179487 0.153084
0.384615 0.179487 0.171148
0.410256 0.179487 0.190478
0.435897 0.179487 0.211067
0.461538 0.179487 0.232905
0.487179 0.179487 0.255981
0.512821 0.179487 0.280289
0.538462 0.179487 0.305826
0.564103 0.179487 0.332596
0.589744 0.179487 0.360612
0.615385 0.179487 0.389891
0.641026 0.179487 0.420456
0.666667 0.179487 0.452325
0.692308 0.179487 0.485515
0.717949 0.179487 0.520027
0.743590 0.179487 0.555851
0.769231 0.179487 0.592964
0.794872 0.179487 0.631329
0.820513 0.179487 0.670906
0.846154 0.179487 0.711660
0.871795 0.179487 0.753566
0.897436 0.179487 0.796623
0.923077 0.179487 0.840854
0.948718 0.179487 0.886289
0.974359 0.179487 0.932937
1.000000 0.179487 0.980726

0 0.205128 0.040000
0.025641 0.205128 0.040732
0.051282 0.205128 0.042818
0.076923 0.205128 0.046157
0.102564 0.205128 0.050631
0.128205 0.205128 0.056265
0.153846 0.205128 0.063102
0.179487 0.205128 0.071166
0.205128 0.205128 0.080465
0.230769 0.205128 0.090995
0.256410 0.205128 0.102754
0.282051 0.205128 0.115749
0.307692 0.205128 0.129989
0.333333 0.205128 0.145488
0.358974 0.205128 0.162256
0.384615 0.205128 0.180301
0.410256 0.205128 0.199623
0.435897 0.205128 0.220217
0.461538 0.205128 0.242074
0.487179 0.205128 0.265180
0.512821 0.205128 0.289522
0.538462 0.205128 0.315092
0.564103 0.205128 0.341888
0.589744 0.205128 0.369915
0.615385 0.205128 0.399190
0.641026 0.205128 0.429735
0.666667 0.205128 0.461578
0.692308 0.205128 0.494741
0.717949 0.205128 0.529242
0.743590 0.205128 0.565081
0.769231 0.205128 0.602245
0.794872 0.205128 0.640698
0.820513 0.205128 0.680396
0.846154 0.205128 0.721283
0.871795 0.205128 0.763309
0.897436 0.205128 0.806439
0.923077 0.205128 0.850662
0.948718 0.205128 0.895998
0.974359 0.205128 0.942489
1.000000 0.205128 0.990186

0 0.230769 0.050625
0.025641 0.230769 0.051315
0.051282 0.230769 0.053390
0.076923 0.230769 0.056741
0.102564 0.230769 0.061223
0.128205 0.230769 0.066852
0.153846 0.230769 0.073671
0.179487 0.230769 0.081715
0.205128 0.230769 0.090998
0.230769 0.230769 0.101519
0.256410 0.230769 0.113272
0.282051 0.230769 0.126257
0.307692 0.230769 0.140481
0.333333 0.230769 0.155957
0.358974 0.230769 0.172699
0.384615 0.230769 0.190718
0.410256 0.230769 0.210021
0.435897 0.230769 0.230608
0.461538 0.230769 0.252473
0.487179 0.230769 0.275604
0.512821 0.230769 0.299985
0.538462 0.230769 0.325600
0.564103 0.230769 0.352441
0.589744 0.230769 0.380504
0.615385 0.230769 0.409799
0.641026 0.230769 0.440345
0.666667 0.230769 0.472170
0.692308 0.230769 0.505304
0.717949 0.230769 0.539774
0.743590 0.230769 0.575596
0.769231 0.230769 0.612767
0.794872 0.230769 0.651263
0.820513 0.230769 0.691038
0.846154 0.230769 0.732029
0.871795 0.230769 0.774166
0.897436 0.230769 0.817383
0.923077 0.230769 0.861637
0.948718 0.230769 0.906928
0.974359 0.230769 0.953316
1.000000 0.230769 1.000939

0 0.256410 0.062500
0.025641 0.256410 0.063148
0.051282 0.256410 0.065204
0.076923 0.256410 0.068560
0.102564 0.256410 0.073047
0.128205 0.256410 0.078669
0.153846 0.256410 0.085471
0.179487 0.256410 0.093494
0.205128 0.256410 0.102761
0.230769 0.256410 0.113275
0.256410 0.256410 0.125029
0.282051 0.256410 0.138018
0.307692 0.256410 0.152242
0.333333 0.256410 0.167708
0.358974 0.256410 0.184431
0.384615 0.256410 0.202426
0.410256 0.256410 0.221704
0.435897 0.256410 0.242274
0.461538 0.256410 0.264135
0.487179 0.256410 0.287278
0.512821 0.256410 0.311690
0.538462 0.256410 0.337353
0.564103 0.256410 0.364249
0.589744 0.256410 0.392367
0.615385 0.256410 0.421706
0.641026 0.256410 0.452277
0.666667 0.256410 0.484103
0.692308 0.256410 0.517216
0.717949 0.256410 0.551648
0.743590 0.256410 0.587428
0.769231 0.256410 0.624567
0.794872 0.256410 0.663054
0.820513 0.256410 0.702853
0.846154 0.256410 0.743902
0.871795 0.256410 0.786119
0.897436 0.256410 0.829420
0.923077 0.256410 0.873735
0.948718 0.256410 0.919038
0.974359 0.256410 0.965385
1.000000 0.256410 1.012961

0 0.282051 0.075625
0.025641 0.282051 0.076233
0.051282 0.282051 0.078265
0.076923 0.282051 0.081622
0.102564 0.282051 0.086112
0.128205 0.282051 0.091728
0.153846 0.282051 0.098512
0.179487 0.282051 0.106512
0.205128 0.282051 0.115759
0.230769 0.282051 0.126264
0.256410 0.282051 0.138021
0.282051 0.282051 0.151022
0.307692 0.282051 0.165260
0.333333 0.282051 0.180734
0.358974 0.282051 0.197455
0.384615 0.282051 0.215436
0.410256 0.282051 0.234693
0.435897 0.282051 0.255240
0.461538 0.282051 0.277085
0.487179 0.282051 0.300227
0.512821 0.282051 0.324656
0.538462 0.282051 0.350355
0.564103 0.282051 0.377305
0.589744 0.282051 0.405487
0.615385 0.282051 0.434888
0.641026 0.282051 0.465508
0.666667 0.282051 0.497360
0.692308 0.282051 0.530470
0.717949 0.282051 0.564872
0.743590 0.282051 0.600600
0.769231 0.282051 0.637679
0.794872 0.282051 0.676114
0.820513 0.282051 0.715883
0.846154 0.282051 0.756935
0.871795 0.282051 0.799191
0.897436 0.282051 0.842556
0.923077 0.282051 0.886942
0.948718 0.282051 0.932299
0.974359 0.282051 0.978666
1.000000 0.282051 1.026228

0 0.307692 0.090000
0.025641 0.307692 0.090572
0.051282 0.307692 0.092579
0.076923 0.307692 0.095932
0.102564 0.307692 0.100423
0.128205 0.307692 0.106036
0.153846 0.307692 0.112805
0.179487 0.307692 0.120780
0.205128 0.307692 0.130002
0.230769 0.307692 0.140491
0.256410 0.307692 0.152248
0.282051 0.307692 0.165263
0.307692 0.307692 0.179523
0.333333 0.307692 0.195021
0.358974 0.307692 0.211758
0.384615 0.307692 0.229743
0.410256 0.307692 0.248992
0.435897 0.307692 0.269521
0.461538 0.307692 0.291345
0.487179 0.307692 0.314471
0.512821 0.307692 0.338900
0.538462 0.307692 0.364620
0.564103 0.307692 0.391611
0.589744 0.307692 0.419852
0.615385 0.307692 0.449322
0.641026 0.307692 0.480008
0.666667 0.307692 0.511909
0.692308 0.307692 0.545042
0.717949 0.307692 0.579432
0.743590 0.307692 0.615116
0.769231 0.307692 0.652126
0.794872 0.307692 0.690482
0.820513 0.307692 0.730179
0.846154 0.307692 0.771184
0.871795 0.307692 0.813430
0.897436 0.307692 0.856825
0.923077 0.307692 0.901274
0.948718 0.307692 0.946707
0.974359 0.307692 0.993136
1.000000 0.307692 1.040721

0 0.333333 0.105625
0.025641 0.333333 0.106166
0.051282 0.333333 0.108145
0.076923 0.333333 0.111494
0.102564 0.333333 0.115986
0.128205 0.333333 0.121597
0.153846 0.333333 0.128356
0.179487 0.333333 0.136309
0.205128 0.333333 0.145503
0.230769 0.333333 0.155970
0.256410 0.333333 0.167717
0.282051 0.333333 0.180740
0.307692 0.333333 0.195023
0.333333 0.333333 0.210554
0.358974 0.333333 0.227323
0.384615 0.333333 0.245332
0.410256 0.333333 0.264590
0.435897 0.333333 0.285114
0.461538 0.333333 0.306922
0.487179 0.333333 0.330028
0.512821 0.333333 0.354442
0.538462 0.333333 0.380162
0.564103 0.333333 0.407174
0.589744 0.333333 0.435459
0.615385 0.333333 0.464991
0.641026 0.333333 0.495747
0.666667 0.333333 0.527714
0.692308 0.333333 0.560893
0.717949 0.333333 0.595298
0.743590 0.333333 0.630959
0.769231 0.333333 0.667910
0.794872 0.333333 0.706180
0.820513 0.333333 0.745782
0.846154 0.333333 0.786702
0.871795 0.333333 0.828893
0.897436 0.333333 0.872278
0.923077 0.333333 0.916765
0.948718 0.333333 0.962274
0.974359 0.333333 1.008789
1.000000 0.333333 1.056428

0 0.358974 0.122500
0.025641 0.358974 0.123014
0.051282 0.358974 0.124965
0.076923 0.358974 0.128307
0.102564 0.358974 0.132800
0.128205 0.358974 0.138414
0.153846 0.358974 0.145168
0.179487 0.358974 0.153105
0.205128 0.358974 0.162274
0.230769 0.358974 0.172713
0.256410 0.358974 0.184442
0.282051 0.358974 0.197462
0.307692 0.358974 0.211762
0.333333 0.358974 0.227325
0.358974 0.358974 0.244135
0.384615 0.358974 0.262183
0.410256 0.358974 0.281471
0.435897 0.358974 0.302009
0.461538 0.358974 0.323813
0.487179 0.358974 0.346903
0.512821 0.358974 0.371296
0.538462 0.358974 0.396999
0.564103 0.358974 0.424010
0.589744 0.358974 0.452315
0.615385 0.358974 0.481890
0.641026 0.358974 0.512708
0.666667 0.358974 0.544744
0.692308 0.358974 0.577985
0.717949 0.358974 0.612431
0.743590 0.358974 0.648097
0.769231 0.358974 0.685013
0.794872 0.358974 0.723211
0.820513 0.358974 0.762714
0.846154 0.358974 0.803529
0.871795 0.358974 0.845633
0.897436 0.358974 0.888969
0.923077 0.358974 0.933460
0.948718 0.358974 0.979027
0.974359 0.358974 1.025631
1.000000 0.358974 1.073344

0 0.384615 0.140625
0.025641 0.384615 0.141117
0.051282 0.384615 0.143039
0.076923 0.384615 0.146371
0.102564 0.384615 0.150865
0.128205 0.384615 0.156484
0.153846 0.384615 0.163240
0.179487 0.384615 0.171170
0.205128 0.384615 0.180320
0.230769 0.384615 0.190733
0.256410 0.384615 0.202438
0.282051 0.384615 0.215444
0.307692 0.384615 0.229748
0.333333 0.384615 0.245335
0.358974 0.384615 0.262184
0.384615 0.384615 0.280280
0.410256 0.384615 0.299613
0.435897 0.384615 0.320184
0.461538 0.384615 0.342005
0.487179 0.384615 0.365092
0.512821 0.384615 0.389466
0.538462 0.384615 0.415145
0.564103 0.384615 0.442136
0.589744 0.384615 0.470435
0.615385 0.384615 0.500028
0.641026 0.384615 0.530886
0.666667 0.384615 0.562982
0.692308 0.384615 0.596288
0.717949 0.384615 0.630791
0.743590 0.384615 0.666490
0.769231 0.384615 0.703402
0.794872 0.384615 0.741554
0.820513 0.384615 0.780976
0.846154 0.384615 0.821687
0.871795 0.384615 0.863687
0.897436 0.384615 0.906945
0.923077 0.384615 0.951407
0.948718 0.384615 0.997001
0.974359 0.384615 1.043681
1.000000 0.384615 1.091475

0 0.410256 0.160000
0.025641 0.410256 0.160475
0.051282 0.410256 0.162366
0.076923 0.410256 0.165686
0.102564 0.410256 0.170177
0.128205 0.410256 0.175803
0.153846 0.410256 0.182568
0.179487 0.410256 0.190501
0.205128 0.410256 0.199643
0.230769 0.410256 0.210037
0.256410 0.410256 0.221717
0.282051 0.410256 0.234702
0.307692 0.410256 0.248997
0.333333 0.410256 0.264594
0.358974 0.410256 0.281473
0.384615 0.410256 0.299614
0.410256 0.410256 0.318999
0.435897 0.410256 0.339619
0.461538 0.410256 0.361475
0.487179 0.410256 0.384578
0.512821 0.410256 0.408948
0.538462 0.410256 0.434604
0.564103 0.410256 0.461566
0.589744 0.410256 0.489840
0.615385 0.410256 0.519422
0.641026 0.410256 0.550293
0.666667 0.410256 0.582425
0.692308 0.410256 0.615786
0.717949 0.410256 0.650349
0.743590 0.410256 0.686098
0.769231 0.410256 0.723036
0.794872 0.410256 0.761176
0.820513 0.410256 0.800546
0.846154 0.410256 0.841173
0.871795 0.410256 0.883072
0.897436 0.410256 0.926238
0.923077 0.410256 0.970642
0.948718 0.410256 1.016232
0.974359 0.410256 1.062962
1.000000 0.410256 1.110829

0 0.435897 0.180625
0.025641 0.435897 0.181086
0.051282 0.435897 0.182947
0.076923 0.435897 0.186250
0.102564 0.435897 0.190735
0.128205 0.435897 0.196367
0.153846 0.435897 0.203145
0.179487 0.435897 0.211091
0.205128 0.435897 0.220238
0.230769 0.435897 0.230625
0.256410 0.435897 0.242287
0.282051 0.435897 0.255249
0.307692 0.435897 0.269526
0.333333 0.435897 0.285117
0.358974 0.435897 0.302010
0.384615 0.435897 0.320185
0.410256 0.435897 0.339619
0.435897 0.435897 0.360295
0.461538 0.435897 0.382201
0.487179 0.435897 0.405341
0.512821 0.435897 0.429724
0.538462 0.435897 0.455372
0.564103 0.435897 0.482307
0.589744 0.435897 0.510546
0.615385 0.435897 0.540096
0.641026 0.435897 0.570951
0.666667 0.435897 0.603089
0.692308 0.435897 0.636480
0.717949 0.435897 0.671091
0.743590 0.435897 0.706896
0.769231 0.435897 0.743877
0.794872 0.435897 0.782037
0.820513 0.435897 0.821390
0.846154 0.435897 0.861963
0.871795 0.435897 0.903782
0.897436 0.435897 0.946859
0.923077 0.435897 0.991190
0.948718 0.435897 1.036749
0.974359 0.435897 1.083498
1.000000 0.435897 1.131421

0 0.461538 0.202500
0.025641 0.461538 0.202952
0.051282 0.461538 0.204782
0.076923 0.461538 0.208066
0.102564 0.461538 0.212538
0.128205 0.461538 0.218171
0.153846 0.461538 0.224963
0.179487 0.461538 0.232929
0.205128 0.461538 0.242095
0.230769 0.461538 0.252490
0.256410 0.461538 0.264147
0.282051 0.461538 0.277093
0.307692 0.461538 0.291349
0.333333 0.461538 0.306924
0.358974 0.461538 0.323813
0.384615 0.461538 0.342004
0.410256 0.461538 0.361474
0.435897 0.461538 0.382201
0.461538 0.461538 0.404164
0.487179 0.461538 0.427355
0.512821 0.461538 0.451773
0.538462 0.461538 0.477432
0.564103 0.461538 0.504354
0.589744 0.461538 0.532559
0.615385 0.461538 0.562067
0.641026 0.461538 0.592882
0.666667 0.461538 0.624997
0.692308 0.461538 0.658388
0.717949 0.461538 0.693024
0.743590 0.461538 0.728871
0.769231 0.461538 0.765901
0.794872 0.461538 0.804100
0.820513 0.461538 0.843469
0.846154 0.461538 0.884025
0.871795 0.461538 0.925793
0.897436 0.461538 0.968800
0.923077 0.461538 1.013059
0.948718 0.461538 1.058568
0.974359 0.461538 1.105309
1.000000 0.461538 1.153262

0 0.487179 0.225625
0.025641 0.487179 0.226074
0.051282 0.487179 0.227873
0.076923 0.487179 0.231134
0.102564 0.487179 0.235587
0.128205 0.487179 0.241214
0.153846 0.487179 0.248016
0.179487 0.487179 0.256006
0.205128 0.487179 0.265200
0.230769 0.487179 0.275620
0.256410 0.487179 0.287289
0.282051 0.487179 0.300233
0.307692 0.487179 0.314475
0.333333 0.487179 0.330029
0.358974 0.487179 0.346902
0.384615 0.487179 0.365090
0.410256 0.487179 0.384576
0.435897 0.487179 0.405339
0.461538 0.487179 0.427353
0.487179 0.487179 0.450600
0.512821 0.487179 0.475069
0.538462 0.487179 0.500760
0.564103 0.487179 0.527689
0.589744 0.487179 0.555875
0.615385 0.487179 0.585343
0.641026 0.487179 0.616109
0.666667 0.487179 0.648177
0.692308 0.487179 0.681538
0.717949 0.487179 0.716167
0.743590 0.487179 0.752033
0.769231 0.487179 0.789101
0.794872 0.487179 0.827344
0.820513 0.487179 0.866749
0.846154 0.487179 0.907319
0.871795 0.487179 0.949073
0.897436 0.487179 0.992037
0.923077 0.487179 1.036238
0.948718 0.487179 1.081693
0.974359 0.487179 1.128406
1.000000 0.487179 1.176364

0 0.512821 0.250000
0.025641 0.512821 0.250451
0.051282 0.512821 0.252223
0.076923 0.512821 0.255459
0.102564 0.512821 0.259886
0.128205 0.512821 0.265497
0.153846 0.512821 0.272302
0.179487 0.512821 0.280313
0.205128 0.512821 0.289542
0.230769 0.512821 0.299999
0.256410 0.512821 0.311700
0.282051 0.512821 0.324660
0.307692 0.512821 0.338901
0.333333 0.512821 0.354441
0.358974 0.512821 0.371292
0.384615 0.512821 0.389462
0.410256 0.512821 0.408943
0.435897 0.512821 0.429721
0.461538 0.512821 0.451770
0.487179 0.512821 0.475067
0.512821 0.512821 0.499591
0.538462 0.512821 0.525330
0.564103 0.512821 0.552287
0.589744 0.512821 0.580476
0.615385 0.512821 0.609919
0.641026 0.512821 0.640638
0.666667 0.512821 0.672650
0.692308 0.512821 0.705959
0.717949 0.512821 0.740552
0.743590 0.512821 0.776405
0.769231 0.512821 0.813487
0.794872 0.512821 0.851763
0.820513 0.512821 0.891210
0.846154 0.512821 0.931815
0.871795 0.512821 0.973585
0.897436 0.512821 1.016538
0.923077 0.512821 1.060705
0.948718 0.512821 1.106116
0.974359 0.512821 1.152790
1.000000 0.512821 1.200732

0 0.538462 0.275625
0.025641 0.538462 0.276084
0.051282 0.538462 0.277833
0.076923 0.538462 0.281045
0.102564 0.538462 0.285442
0.128205 0.538462 0.291028
0.153846 0.538462 0.297825
0.179487 0.538462 0.305849
0.205128 0.538462 0.315111
0.230769 0.538462 0.325613
0.256410 0.538462 0.337360
0.282051 0.538462 0.350358
0.307692 0.538462 0.364618
0.333333 0.538462 0.380158
0.358974 0.538462 0.396993
0.384615 0.538462 0.415138
0.410256 0.538462 0.434598
0.435897 0.538462 0.455367
0.461538 0.538462 0.477428
0.487179 0.538462 0.500757
0.512821 0.538462 0.525329
0.538462 0.538462 0.551120
0.564103 0.538462 0.578122
0.589744 0.538462 0.606335
0.615385 0.538462 0.635775
0.641026 0.538462 0.666464
0.666667 0.538462 0.698425
0.692308 0.538462 0.731671
0.717949 0.538462 0.766206
0.743590 0.538462 0.802019
0.769231 0.538462 0.839085
0.794872 0.538462 0.877372
0.820513 0.538462 0.916850
0.846154 0.538462 0.957495
0.871795 0.538462 0.999300
0.897436 0.538462 1.042272
0.923077 0.538462 1.086433
0.948718 0.538462 1.131817
0.974359 0.538462 1.178455
1.000000 0.538462 1.226367

0 0.564103 0.302500
0.025641 0.564103 0.302974
0.051282 0.564103 0.304707
0.076923 0.564103 0.307898
0.102564 0.564103 0.312261
0.128205 0.564103 0.317815
0.153846 0.564103 0.324592
0.179487 0.564103 0.332618
0.205128 0.564103 0.341904
0.230769 0.564103 0.352451
0.256410 0.564103 0.364254
0.282051 0.564103 0.377305
0.307692 0.564103 0.391607
0.333333 0.564103 0.407168
0.358974 0.564103 0.424002
0.384615 0.564103 0.442127
0.410256 0.564103 0.461558
0.435897 0.564103 0.482300
0.461538 0.564103 0.504348
0.487179 0.564103 0.527684
0.512821 0.564103 0.552284
0.538462 0.564103 0.578120
0.564103 0.564103 0.605171
0.589744 0.564103 0.633425
0.615385 0.564103 0.662886
0.641026 0.564103 0.693568
0.666667 0.564103 0.725493
0.692308 0.564103 0.758683
0.717949 0.564103 0.793153
0.743590 0.564103 0.828904
0.769231 0.564103 0.865926
0.794872 0.564103 0.904195
0.820513 0.564103 0.943682
0.846154 0.564103 0.984358
0.871795 0.564103 1.026204
0.897436 0.564103 1.069212
0.923077 0.564103 1.113394
0.948718 0.564103 1.158774
0.974359 0.564103 1.205388
1.000000 0.564103 1.253267

0 0.589744 0.330625
0.025641 0.589744 0.331121
0.051282 0.589744 0.332844
0.076923 0.589744 0.336020
0.102564 0.589744 0.340353
0.128205 0.589744 0.345871
0.153846 0.589744 0.352618
0.179487 0.589744 0.360631
0.205128 0.589744 0.369929
0.230769 0.589744 0.380512
0.256410 0.589744 0.392369
0.282051 0.589744 0.405484
0.307692 0.589744 0.419845
0.333333 0.589744 0.435449
0.358974 0.589744 0.452304
0.384615 0.589744 0.470424
0.410256 0.589744 0.489830
0.435897 0.589744 0.510537
0.461538 0.589744 0.532552
0.487179 0.589744 0.555870
0.512821 0.589744 0.580472
0.538462 0.589744 0.606333
0.564103 0.589744 0.633424
0.589744 0.589744 0.661724
0.615385 0.589744 0.691222
0.641026 0.589744 0.721921
0.666667 0.589744 0.753835
0.692308 0.589744 0.786987
0.717949 0.589744 0.821398
0.743590 0.589744 0.857081
0.769231 0.589744 0.894040
0.794872 0.589744 0.932264
0.820513 0.589744 0.971733
0.846154 0.589744 1.012419
0.871795 0.589744 1.054296
0.897436 0.589744 1.097347
0.923077 0.589744 1.141565
0.948718 0.589744 1.186965
0.974359 0.589744 1.233573
1.000000 0.589744 1.281424

0 0.615385 0.360000
0.025641 0.615385 0.360523
0.051282 0.615385 0.362243
0.076923 0.615385 0.365414
0.102564 0.615385 0.369723
0.128205 0.615385 0.375207
0.153846 0.615385 0.381919
0.179487 0.615385 0.389908
0.205128 0.615385 0.399200
0.230769 0.615385 0.409803
0.256410 0.615385 0.421704
0.282051 0.615385 0.434882
0.307692 0.615385 0.449312
0.333333 0.615385 0.464979
0.358974 0.615385 0.481876
0.384615 0.615385 0.500014
0.410256 0.615385 0.519410
0.435897 0.615385 0.540085
0.461538 0.615385 0.562058
0.487179 0.615385 0.585336
0.512821 0.615385 0.609914
0.538462 0.615385 0.635773
0.564103 0.615385 0.662885
0.589744 0.615385 0.691222
0.615385 0.615385 0.720762
0.641026 0.615385 0.751494
0.666667 0.615385 0.783422
0.692308 0.615385 0.816561
0.717949 0.615385 0.850931
0.743590 0.615385 0.886555
0.769231 0.615385 0.923445
0.794872 0.615385 0.961607
0.820513 0.615385 1.001031
0.846154 0.615385 1.041701
0.871795 0.615385 1.083591
0.897436 0.615385 1.126675
0.923077 0.615385 1.170937
0.948718 0.615385 1.216372
0.974359 0.615385 1.262994
1.000000 0.615385 1.310831

0 0.641026 0.390625
0.025641 0.641026 0.391178
0.051282 0.641026 0.392901
0.076923 0.641026 0.396076
0.102564 0.641026 0.400373
0.128205 0.641026 0.405831
0.153846 0.641026 0.412511
0.179487 0.641026 0.420468
0.205128 0.641026 0.429741
0.230769 0.641026 0.440344
0.256410 0.641026 0.452271
0.282051 0.641026 0.465498
0.307692 0.641026 0.479995
0.333333 0.641026 0.495732
0.358974 0.641026 0.512692
0.384615 0.641026 0.530871
0.410256 0.641026 0.550280
0.435897 0.641026 0.570939
0.461538 0.641026 0.592873
0.487179 0.641026 0.616102
0.512821 0.641026 0.640633
0.538462 0.641026 0.666462
0.564103 0.641026 0.693567
0.589744 0.641026 0.721921
0.615385 0.641026 0.751495
0.641026 0.641026 0.782266
0.666667 0.641026 0.814225
0.692308 0.641026 0.847376
0.717949 0.641026 0.881732
0.743590 0.641026 0.917314
0.769231 0.641026 0.954145
0.794872 0.641026 0.992240
0.820513 0.641026 1.031604
0.846154 0.641026 1.072233
0.871795 0.641026 1.114110
0.897436 0.641026 1.157211
0.923077 0.641026 1.201510
0.948718 0.641026 1.246988
0.974359 0.641026 1.293640
1.000000 0.641026 1.341479

0 0.666667 0.422500
0.025641 0.666667 0.423084
0.051282 0.666667 0.424812
0.076923 0.666667 0.427999
0.102564 0.666667 0.432297
0.128205 0.666667 0.437746
0.153846 0.666667 0.444404
0.179487 0.666667 0.452333
0.205128 0.666667 0.461578
0.230769 0.666667 0.472164
0.256410 0.666667 0.484093
0.282051 0.666667 0.497347
0.307692 0.666667 0.511894
0.333333 0.666667 0.527698
0.358974 0.666667 0.544728
0.384615 0.666667 0.562966
0.410256 0.666667 0.582411
0.435897 0.666667 0.603077
0.461538 0.666667 0.624988
0.487179 0.666667 0.648170
0.512821 0.666667 0.672646
0.538462 0.666667 0.698423
0.564103 0.666667 0.725493
0.589744 0.666667 0.753836
0.615385 0.666667 0.783424
0.641026 0.666667 0.814226
0.666667 0.666667 0.846223
0.692308 0.666667 0.879402
0.717949 0.666667 0.913769
0.743590 0.666667 0.949337
0.769231 0.666667 0.986129
0.794872 0.666667 1.024165
0.820513 0.666667 1.063465
0.846154 0.666667 1.104037
0.871795 0.666667 1.145878
0.897436 0.666667 1.188973
0.923077 0.666667 1.233294
0.948718 0.666667 1.278813
0.974359 0.666667 1.325505
1.000000 0.666667 1.373362

0 0.692308 0.455625
0.025641 0.692308 0.456238
0.051282 0.692308 0.457969
0.076923 0.692308 0.461173
0.102564 0.692308 0.465486
0.128205 0.692308 0.470944
0.153846 0.692308 0.477602
0.179487 0.692308 0.485516
0.205128 0.692308 0.494735
0.230769 0.692308 0.505292
0.256410 0.692308 0.517200
0.282051 0.692308 0.530453
0.307692 0.692308 0.545024
0.333333 0.692308 0.560875
0.358974 0.692308 0.577968
0.384615 0.692308 0.596273
0.410256 0.692308 0.615773
0.435897 0.692308 0.636469
0.461538 0.692308 0.658380
0.487179 0.692308 0.681533
0.512821 0.692308 0.705956
0.538462 0.692308 0.731671
0.564103 0.692308 0.758685
0.589744 0.692308 0.786990
0.615385 0.692308 0.816564
0.641026 0.692308 0.847379
0.666667 0.692308 0.879404
0.692308 0.692308 0.912619
0.717949 0.692308 0.947015
0.743590 0.692308 0.982594
0.769231 0.692308 1.019372
0.794872 0.692308 1.057371
0.820513 0.692308 1.096616
0.846154 0.692308 1.137128
0.871795 0.692308 1.178918
0.897436 0.692308 1.221984
0.923077 0.692308 1.266307
0.948718 0.692308 1.311855
0.974359 0.692308 1.358589
1.000000 0.692308 1.406479

0 0.717949 0.490000
0.025641 0.717949 0.490637
0.051282 0.717949 0.492363
0.076923 0.717949 0.495584
0.102564 0.717949 0.499922
0.128205 0.717949 0.505412
0.153846 0.717949 0.512097
0.179487 0.717949 0.520021
0.205128 0.717949 0.529228
0.230769 0.717949 0.539755
0.256410 0.717949 0.551627
0.282051 0.717949 0.564851
0.307692 0.717949 0.579412
0.333333 0.717949 0.595280
0.358974 0.717949 0.612415
0.384615 0.717949 0.630778
0.410256 0.717949 0.650338
0.435897 0.717949 0.671084
0.461538 0.717949 0.693019
0.487179 0.717949 0.716165
0.512821 0.717949 0.740552
0.538462 0.717949 0.766209
0.564103 0.717949 0.793157
0.589744 0.717949 0.821403
0.615385 0.717949 0.850937
0.641026 0.717949 0.881737
0.666667 0.717949 0.913773
0.692308 0.717949 0.947017
0.717949 0.717949 0.981448
0.743590 0.717949 1.017056
0.769231 0.717949 1.053846
0.794872 0.717949 1.091834
0.820513 0.717949 1.131044
0.846154 0.717949 1.171504
0.871795 0.717949 1.213238
0.897436 0.717949 1.256261
0.923077 0.717949 1.300566
0.948718 0.717949 1.346126
0.974359 0.717949 1.392897
1.000000 0.717949 1.440827

0 0.743590 0.525625
0.025641 0.743590 0.526278
0.051282 0.743590 0.527989
0.076923 0.743590 0.531217
0.102564 0.743590 0.535585
0.128205 0.743590 0.541127
0.153846 0.743590 0.547871
0.179487 0.743590 0.555838
0.205128 0.743590 0.565060
0.230769 0.743590 0.575570
0.256410 0.743590 0.587401
0.282051 0.743590 0.600576
0.307692 0.743590 0.615095
0.333333 0.743590 0.630942
0.358974 0.743590 0.648084
0.384615 0.743590 0.666480
0.410256 0.743590 0.686092
0.435897 0.743590 0.706892
0.461538 0.743590 0.728870
0.487179 0.743590 0.752035
0.512821 0.743590 0.776410
0.538462 0.743590 0.802025
0.564103 0.743590 0.828912
0.589744 0.743590 0.857090
0.615385 0.743590 0.886564
0.641026 0.743590 0.917323
0.666667 0.743590 0.949345
0.692308 0.743590 0.982600
0.717949 0.743590 1.017059
0.743590 0.743590 1.052704
0.769231 0.743590 1.089525
0.794872 0.743590 1.127527
0.820513 0.743590 1.166728
0.846154 0.743590 1.207155
0.871795 0.743590 1.248841
0.897436 0.743590 1.291814
0.923077 0.743590 1.336085
0.948718 0.743590 1.381640
0.974359 0.743590 1.428437
1.000000 0.743590 1.476411

0 0.769231 0.562500
0.025641 0.769231 0.563163
0.051282 0.769231 0.564842
0.076923 0.769231 0.568062
0.102564 0.769231 0.572454
0.128205 0.769231 0.578063
0.153846 0.769231 0.584895
0.179487 0.769231 0.592944
0.205128 0.769231 0.602215
0.230769 0.769231 0.612734
0.256410 0.769231 0.624536
0.282051 0.769231 0.637652
0.307692 0.769231 0.652105
0.333333 0.769231 0.667895
0.358974 0.769231 0.685004
0.384615 0.769231 0.703398
0.410256 0.769231 0.723036
0.435897 0.769231 0.743880
0.461538 0.769231 0.765907
0.487179 0.769231 0.789109
0.512821 0.769231 0.813497
0.538462 0.769231 0.839096
0.564103 0.769231 0.865939
0.589744 0.769231 0.894053
0.615385 0.769231 0.923459
0.641026 0.769231 0.954158
0.666667 0.769231 0.986140
0.692308 0.769231 1.019382
0.717949 0.769231 1.053853
0.743590 0.769231 1.089529
0.769231 0.769231 1.126388
0.794872 0.769231 1.164423
0.820513 0.769231 1.203640
0.846154 0.769231 1.244061
0.871795 0.769231 1.285716
0.897436 0.769231 1.328645
0.923077 0.769231 1.372874
0.948718 0.769231 1.418409
0.974359 0.769231 1.465218
1.000000 0.769231 1.513232

0 0.794872 0.600625
0.025641 0.794872 0.601294
0.051282 0.794872 0.602925
0.076923 0.794872 0.606113
0.102564 0.794872 0.610515
0.128205 0.794872 0.616195
0.153846 0.794872 0.623138
0.179487 0.794872 0.631303
0.205128 0.794872 0.640664
0.230769 0.794872 0.651227
0.256410 0.794872 0.663021
0.282051 0.794872 0.676087
0.307692 0.794872 0.690463
0.333333 0.794872 0.706170
0.358974 0.794872 0.723208
0.384615 0.794872 0.741557
0.410256 0.794872 0.761184
0.435897 0.794872 0.782048
0.461538 0.794872 0.804114
0.487179 0.794872 0.827359
0.512821 0.794872 0.851780
0.538462 0.794872 0.877390
0.564103 0.794872 0.904214
0.589744 0.794872 0.932283
0.615385 0.794872 0.961625
0.641026 0.794872 0.992257
0.666667 0.794872 1.024182
0.692308 0.794872 1.057385
0.717949 0.794872 1.091846
0.743590 0.794872 1.127535
0.769231 0.794872 1.164427
0.794872 0.794872 1.202503
0.820513 0.794872 1.241756
0.846154 0.794872 1.282195
0.871795 0.794872 1.323845
0.897436 0.794872 1.366744
0.923077 0.794872 1.410935
0.948718 0.794872 1.456440
0.974359 0.794872 1.503249
1.000000 0.794872 1.551297

0 0.820513 0.640000
0.025641 0.820513 0.640676
0.051282 0.820513 0.642246
0.076923 0.820513 0.645377
0.102564 0.820513 0.649765
0.128205 0.820513 0.655507
0.153846 0.820513 0.662571
0.179487 0.820513 0.670876
0.205128 0.820513 0.680360
0.230769 0.820513 0.691003
0.256410 0.820513 0.702823
0.282051 0.820513 0.715861
0.307692 0.820513 0.730167
0.333333 0.820513 0.745779
0.358974 0.820513 0.762719
0.384615 0.820513 0.780988
0.410256 0.820513 0.800563
0.435897 0.820513 0.821411
0.461538 0.820513 0.843492
0.487179 0.820513 0.866773
0.512821 0.820513 0.891235
0.538462 0.820513 0.916875
0.564103 0.820513 0.943707
0.589744 0.820513 0.971758
0.615385 0.820513 1.001056
0.641026 0.820513 1.031627
0.666667 0.820513 1.063486
0.692308 0.820513 1.096635
0.717949 0.820513 1.131060
0.743590 0.820513 1.166740
0.769231 0.820513 1.203649
0.794872 0.820513 1.241760
0.820513 0.820513 1.281057
0.846154 0.820513 1.321535
0.871795 0.820513 1.363204
0.897436 0.820513 1.406098
0.923077 0.820513 1.450261
0.948718 0.820513 1.495736
0.974359 0.820513 1.542533
1.000000 0.820513 1.590607

0 0.846154 0.680625
0.025641 0.846154 0.681316
0.051282 0.846154 0.682823
0.076923 0.846154 0.685871
0.102564 0.846154 0.690217
0.128205 0.846154 0.696003
0.153846 0.846154 0.703179
0.179487 0.846154 0.711627
0.205128 0.846154 0.721250
0.230769 0.846154 0.732002
0.256410 0.846154 0.743881
0.282051 0.846154 0.756924
0.307692 0.846154 0.771182
0.333333 0.846154 0.786709
0.358974 0.846154 0.803545
0.384615 0.846154 0.821709
0.410256 0.846154 0.841200
0.435897 0.846154 0.861994
0.461538 0.846154 0.884058
0.487179 0.846154 0.907353
0.512821 0.846154 0.931849
0.538462 0.846154 0.957529
0.564103 0.846154 0.984391
0.589744 0.846154 1.012450
0.615385 0.846154 1.041731
0.641026 0.846154 1.072261
0.666667 0.846154 1.104063
0.692308 0.846154 1.137151
0.717949 0.846154 1.171524
0.743590 0.846154 1.207172
0.769231 0.846154 1.244073
0.794872 0.846154 1.282204
0.820513 0.846154 1.321539
0.846154 0.846154 1.362062
0.871795 0.846154 1.403772
0.897436 0.846154 1.446685
0.923077 0.846154 1.490842
0.948718 0.846154 1.536294
0.974359 0.846154 1.583075
1.000000 0.846154 1.631166

0 0.871795 0.722500
0.025641 0.871795 0.723223
0.051282 0.871795 0.724675
0.076923 0.871795 0.727627
0.102564 0.871795 0.731909
0.128205 0.871795 0.737711
0.153846 0.871795 0.744968
0.179487 0.871795 0.753535
0.205128 0.871795 0.763288
0.230769 0.871795 0.774154
0.256410 0.871795 0.786117
0.282051 0.871795 0.799197
0.307692 0.871795 0.813444
0.333333 0.871795 0.828914
0.358974 0.871795 0.845661
0.384615 0.871795 0.863721
0.410256 0.871795 0.883110
0.435897 0.871795 0.903822
0.461538 0.871795 0.925836
0.487179 0.871795 0.949115
0.512821 0.871795 0.973626
0.538462 0.871795 0.999341
0.564103 0.871795 1.026243
0.589744 0.871795 1.054333
0.615385 0.871795 1.083626
0.641026 0.871795 1.114142
0.666667 0.871795 1.145909
0.692308 0.871795 1.178945
0.717949 0.871795 1.213262
0.743590 0.871795 1.248862
0.769231 0.871795 1.285733
0.794872 0.871795 1.323857
0.820513 0.871795 1.363212
0.846154 0.871795 1.403775
0.871795 0.871795 1.445532
0.897436 0.871795 1.488485
0.923077 0.871795 1.532659
0.948718 0.871795 1.578105
0.974359 0.871795 1.624874
1.000000 0.871795 1.672976

0 0.897436 0.765625
0.025641 0.897436 0.766400
0.051282 0.897436 0.767824
0.076923 0.897436 0.770680
0.102564 0.897436 0.774895
0.128205 0.897436 0.780687
0.153846 0.897436 0.787974
0.179487 0.897436 0.796602
0.205128 0.897436 0.806438
0.230769 0.897436 0.817396
0.256410 0.897436 0.829444
0.282051 0.897436 0.842586
0.307692 0.897436 0.856860
0.333333 0.897436 0.872317
0.358974 0.897436 0.889012
0.384615 0.897436 0.906991
0.410256 0.897436 0.926286
0.435897 0.897436 0.946908
0.461538 0.897436 0.968849
0.487179 0.897436 0.992086
0.512821 0.897436 1.016586
0.538462 0.897436 1.042318
0.564103 0.897436 1.069256
0.589744 0.897436 1.097388
0.615385 0.897436 1.126714
0.641026 0.897436 1.157247
0.666667 0.897436 1.189006
0.692308 0.897436 1.222014
0.717949 0.897436 1.256288
0.743590 0.897436 1.291837
0.769231 0.897436 1.328664
0.794872 0.897436 1.366760
0.820513 0.897436 1.406109
0.846154 0.897436 1.446692
0.871795 0.897436 1.488488
0.897436 0.897436 1.531487
0.923077 0.897436 1.575697
0.948718 0.897436 1.621157
0.974359 0.897436 1.667924
1.000000 0.897436 1.716037

0 0.923077 0.810000
0.025641 0.923077 0.810849
0.051282 0.923077 0.812282
0.076923 0.923077 0.815059
0.102564 0.923077 0.819243
0.128205 0.923077 0.825008
0.153846 0.923077 0.832256
0.179487 0.923077 0.840854
0.205128 0.923077 0.850689
0.230769 0.923077 0.861681
0.256410 0.923077 0.873788
0.282051 0.923077 0.886998
0.307692 0.923077 0.901330
0.333333 0.923077 0.916820
0.358974 0.923077 0.933515
0.384615 0.923077 0.951461
0.410256 0.923077 0.970696
0.435897 0.923077 0.991244
0.461538 0.923077 1.013112
0.487179 0.923077 1.036289
0.512821 0.923077 1.060755
0.538462 0.923077 1.086481
0.564103 0.923077 1.113439
0.589744 0.923077 1.141608
0.615385 0.923077 1.170977
0.641026 0.923077 1.201547
0.666667 0.923077 1.233329
0.692308 0.923077 1.266338
0.717949 0.923077 1.300594
0.743590 0.923077 1.336110
0.769231 0.923077 1.372895
0.794872 0.923077 1.410952
0.820513 0.923077 1.450275
0.846154 0.923077 1.490851
0.871795 0.923077 1.532665
0.897436 0.923077 1.575700
0.923077 0.923077 1.619951
0.948718 0.923077 1.665439
0.974359 0.923077 1.712217
1.000000 0.923077 1.760345

0 0.948718 0.855625
0.025641 0.948718 0.856564
0.051282 0.948718 0.858051
0.076923 0.948718 0.860768
0.102564 0.948718 0.864996
0.128205 0.948718 0.870734
0.153846 0.948718 0.877869
0.179487 0.948718 0.886329
0.205128 0.948718 0.896056
0.230769 0.948718 0.906998
0.256410 0.948718 0.919112
0.282051 0.948718 0.932373
0.307692 0.948718 0.946777
0.333333 0.948718 0.962338
0.358974 0.948718 0.979087
0.384615 0.948718 0.997058
0.410256 0.948718 1.016286
0.435897 0.948718 1.036801
0.461538 0.948718 1.058618
0.487179 0.948718 1.081742
0.512821 0.948718 1.106162
0.538462 0.948718 1.131861
0.564103 0.948718 1.158816
0.589744 0.948718 1.187004
0.615385 0.948718 1.216409
0.641026 0.948718 1.247023
0.666667 0.948718 1.278845
0.692308 0.948718 1.311884
0.717949 0.948718 1.346153
0.743590 0.948718 1.381664
0.769231 0.948718 1.418430
0.794872 0.948718 1.456458
0.820513 0.948718 1.495750
0.846154 0.948718 1.536305
0.871795 0.948718 1.578113
0.897436 0.948718 1.621161
0.923077 0.948718 1.665441
0.948718 0.948718 1.710959
0.974359 0.948718 1.757754
1.000000 0.948718 1.805899

0 0.974359 0.902500
0.025641 0.974359 0.903536
0.051282 0.974359 0.905131
0.076923 0.974359 0.907795
0.102564 0.974359 0.912115
0.128205 0.974359 0.917811
0.153846 0.974359 0.924776
0.179487 0.974359 0.933024
0.205128 0.974359 0.942567
0.230769 0.974359 0.953389
0.256410 0.974359 0.965455
0.282051 0.974359 0.978732
0.307692 0.974359 0.993198
0.333333 0.974359 1.008845
0.358974 0.974359 1.025682
0.384615 0.974359 1.043728
0.410256 0.974359 1.063006
0.435897 0.974359 1.083540
0.461538 0.974359 1.105349
0.487179 0.974359 1.128444
0.512821 0.974359 1.152827
0.538462 0.974359 1.178490
0.564103 0.974359 1.205422
0.589744 0.974359 1.233604
0.615385 0.974359 1.263024
0.641026 0.974359 1.293668
0.666667 0.974359 1.325530
0.692308 0.974359 1.358612
0.717949 0.974359 1.392918
0.743590 0.974359 1.428457
0.769231 0.974359 1.465236
0.794872 0.974359 1.503264
0.820513 0.974359 1.542546
0.846154 0.974359 1.583086
0.871795 0.974359 1.624881
0.897436 0.974359 1.667929
0.923077 0.974359 1.712220
0.948718 0.974359 1.757755
0.974359 0.974359 1.804560
1.000000 0.974359 1.852710

0 1.000000 0.950625
0.025641 1.000000 0.951770
0.051282 1.000000 0.953537
0.076923 1.000000 0.956250
0.102564 1.000000 0.960359
0.128205 1.000000 0.965824
0.153846 1.000000 0.972632
0.179487 1.000000 0.980769
0.205128 1.000000 0.990222
0.230769 1.000000 1.000971
0.256410 1.000000 1.012992
0.282051 1.000000 1.026259
0.307692 1.000000 1.040751
0.333333 1.000000 1.056456
0.358974 1.000000 1.073371
0.384615 1.000000 1.091500
0.410256 1.000000 1.110853
0.435897 1.000000 1.131443
0.461538 1.000000 1.153284
0.487179 1.000000 1.176385
0.512821 1.000000 1.200752
0.538462 1.000000 1.226387
0.564103 1.000000 1.253286
0.589744 1.000000 1.281442
0.615385 1.000000 1.310848
0.641026 1.000000 1.341495
0.666667 1.000000 1.373377
0.692308 1.000000 1.406493
0.717949 1.000000 1.440840
0.743590 1.000000 1.476423
0.769231 1.000000 1.513243
0.794872 1.000000 1.551306
0.820513 1.000000 1.590615
0.846154 1.000000 1.631173
0.871795 1.000000 1.672982
0.897436 1.000000 1.716041
0.923077 1.000000 1.760348
0.948718 1.000000 1.805900
0.974359 1.000000 1.852710
1.000000 1.000000 1.900833

