1 0.479323
2 0.652359
3 0.778341
4 0.801047
5 0.82815
6 0.848351
7 0.8579
8 0.873168
9 0.87736
10 0.888902
11 0.890986
12 0.899914
13 0.901031
14 0.90811
15 0.90874
16 0.914481
17 0.914848
18 0.919597
19 0.919816
20 0.923813
21 0.92395
22 0.927366
23 0.927459
24 0.930418
25 0.930489
26 0.933084
27 0.93315
28 0.935451
29 0.935521
30 0.937583
31 0.937663
32 0.939529
33 0.939625
34 0.941328
35 0.941442
36 0.943009
37 0.943143
38 0.944595
39 0.944751
40 0.946105
41 0.946281
42 0.94755
43 0.947747
44 0.948941
45 0.949155
46 0.950282
47 0.95051
48 0.951575
49 0.95181
50 0.952807
51 0.952985
52 0.953616
53 0.952582
54 0.949528
55 0.93989
56 0.922926
57 0.904814
58 0.908452
59 0.927809
60 0.936732
61 0.926619
62 0.922914
63 0.933869
64 0.934274
65 0.925732
66 0.93268
67 0.934469
68 0.927628
69 0.932648
70 0.933399
71 0.927721
72 0.933805
73 0.930701
74 0.929438
75 0.933674
76 0.929247
77 0.932243
78 0.932955
79 0.930749
80 0.934832
81 0.92828
82 0.932102
83 0.929444
84 0.92789
85 0.928991
86 0.924707
87 0.926162
88 0.922722
89 0.921585
90 0.920746
91 0.916464
92 0.917493
93 0.911545
94 0.912302
95 0.906701
96 0.905143
97 0.9011
98 0.896208
99 0.893561
100 0.885409
101 0.882721
102 0.871919
103 0.866819
104 0.853603
105 0.842834
106 0.825881
107 0.804716
108 0.780575
109 0.745364
110 0.719291
111 0.695737
112 0.720092
113 0.772375
114 0.844819
115 0.883625
116 0.883801
117 0.842432
118 0.806023
119 0.83444
120 0.880962
121 0.888055
122 0.856476
123 0.857189
124 0.884802
125 0.880785
126 0.835945
127 0.839063
128 0.861273
129 0.842253
130 0.822664
131 0.844254
132 0.832438
133 0.806965
134 0.828526
135 0.822365
136 0.796018
137 0.814842
138 0.813954
139 0.783734
140 0.808461
141 0.797563
142 0.777678
143 0.797518
144 0.783605
145 0.768778
146 0.792816
147 0.76741
148 0.775512
149 0.788193
150 0.7686
151 0.789572
152 0.787446
153 0.779913
154 0.801279
155 0.78643
156 0.796449
157 0.803625
158 0.794628
159 0.827788
160 0.825597
161 0.829308
162 0.84333
163 0.829108
164 0.84055
165 0.819123
166 0.812996
167 0.802608
168 0.786036
169 0.804271
170 0.804828
171 0.828651
172 0.833129
173 0.822228
174 0.812228
175 0.784288
176 0.795988
177 0.795706
178 0.79902
179 0.792589
180 0.782391
181 0.804299
182 0.797966
183 0.788977
184 0.758192
185 0.758507
186 0.772864
187 0.753174
188 0.748588
189 0.740424
190 0.765201
191 0.752414
192 0.755498
193 0.769307
194 0.768108
195 0.769244
196 0.766977
197 0.780206
198 0.763487
199 0.766388
200 0.76821
201 0.760677
202 0.768812
203 0.763883
204 0.755669
205 0.728019
206 0.743083
207 0.726974
208 0.726817
209 0.728459
210 0.736132
211 0.753534
212 0.76832
213 0.790056
214 0.801904
215 0.823191
216 0.823562
217 0.832547
218 0.818652
219 0.796367
220 0.767547
221 0.726474
222 0.701988
223 0.685648
224 0.704186
225 0.72993
226 0.772762
227 0.785289
228 0.792663
229 0.771178
230 0.751418
231 0.744911
232 0.738761
233 0.741384
234 0.721388
235 0.709261
236 0.703005
237 0.718039
238 0.705969
239 0.694788
240 0.665511
241 0.676765
242 0.688734
243 0.698091
244 0.709498
245 0.720865
246 0.743148
247 0.727938
248 0.717678
249 0.725531
250 0.740013
