0.000000 0 0.000000
0.025641 0 0.000625
0.051282 0 0.002500
0.076923 0 0.005625
0.102564 0 0.010000
0.128205 0 0.015625
0.153846 0 0.022500
0.179487 0 0.030625
0.205128 0 0.040000
0.230769 0 0.050625
0.256410 0 0.062500
0.282051 0 0.075625
0.307692 0 0.090000
0.333333 0 0.105625
0.358974 0 0.122500
0.384615 0 0.140625
0.410256 0 0.160000
0.435897 0 0.180625
0.461538 0 0.202500
0.487179 0 0.225625
0.512821 0 0.250000
0.538462 0 0.275625
0.564103 0 0.302500
0.589744 0 0.330625
0.615385 0 0.360000
0.641026 0 0.390625
0.666667 0 0.422500
0.692308 0 0.455625
0.717949 0 0.490000
0.743590 0 0.525625
0.769231 0 0.562500
0.794872 0 0.600625
0.820513 0 0.640000
0.846154 0 0.680625
0.871795 0 0.722500
0.897436 0 0.765625
0.923077 0 0.810000
0.948718 0 0.855625
0.974359 0 0.902500
1.000000 0 0.950625

0 0.025641 0.000625
0.025641 0.025641 0.001241
0.051282 0.025641 0.003106
0.076923 0.025641 0.006222
0.102564 0.025641 0.010588
0.128205 0.025641 0.016205
0.153846 0.025641 0.023071
0.179487 0.025641 0.031188
0.205128 0.025641 0.040555
0.230769 0.025641 0.051173
0.256410 0.025641 0.063041
0.282051 0.025641 0.076160
0.307692 0.025641 0.090529
0.333333 0.025641 0.106149
0.358974 0.025641 0.123020
0.384615 0.025641 0.141141
0.410256 0.025641 0.160512
0.435897 0.025641 0.181135
0.461538 0.025641 0.203008
0.487179 0.025641 0.226132
0.512821 0.025641 0.250507
0.538462 0.025641 0.276132
0.564103 0.025641 0.303008
0.589744 0.025641 0.331135
0.615385 0.025641 0.360512
0.641026 0.025641 0.391141
0.666667 0.025641 0.423020
0.692308 0.025641 0.456149
0.717949 0.025641 0.490529
0.743590 0.025641 0.526160
0.769231 0.025641 0.563041
0.794872 0.025641 0.601173
0.820513 0.025641 0.640555
0.846154 0.025641 0.681188
0.871795 0.025641 0.723071
0.897436 0.025641 0.766205
0.923077 0.025641 0.810588
0.948718 0.025641 0.856222
0.974359 0.025641 0.903106
1.000000 0.025641 0.951241

0 0.051282 0.002500
0.025641 0.051282 0.003106
0.051282 0.051282 0.004963
0.076923 0.051282 0.008070
0.102564 0.051282 0.012427
0.128205 0.051282 0.018035
0.153846 0.051282 0.024893
0.179487 0.051282 0.033002
0.205128 0.051282 0.042361
0.230769 0.051282 0.052972
0.256410 0.051282 0.064833
0.282051 0.051282 0.077946
0.307692 0.051282 0.092309
0.333333 0.051282 0.107924
0.358974 0.051282 0.124790
0.384615 0.051282 0.142907
0.410256 0.051282 0.162276
0.435897 0.051282 0.182896
0.461538 0.051282 0.204767
0.487179 0.051282 0.227890
0.512821 0.051282 0.252264
0.538462 0.051282 0.277890
0.564103 0.051282 0.304767
0.589744 0.051282 0.332896
0.615385 0.051282 0.362276
0.641026 0.051282 0.392907
0.666667 0.051282 0.424790
0.692308 0.051282 0.457924
0.717949 0.051282 0.492309
0.743590 0.051282 0.527946
0.769231 0.051282 0.564833
0.794872 0.051282 0.602972
0.820513 0.051282 0.642361
0.846154 0.051282 0.683002
0.871795 0.051282 0.724893
0.897436 0.051282 0.768035
0.923077 0.051282 0.812427
0.948718 0.051282 0.858070
0.974359 0.051282 0.904963
1.000000 0.051282 0.953106

0 0.076923 0.005625
0.025641 0.076923 0.006222
0.051282 0.076923 0.008070
0.076923 0.076923 0.011168
0.102564 0.076923 0.015516
0.128205 0.076923 0.021115
0.153846 0.076923 0.027965
0.179487 0.076923 0.036066
0.205128 0.076923 0.045418
0.230769 0.076923 0.056021
0.256410 0.076923 0.067876
0.282051 0.076923 0.080982
0.307692 0.076923 0.095340
0.333333 0.076923 0.110950
0.358974 0.076923 0.127811
0.384615 0.076923 0.145925
0.410256 0.076923 0.165290
0.435897 0.076923 0.185908
0.461538 0.076923 0.207777
0.487179 0.076923 0.230899
0.512821 0.076923 0.255273
0.538462 0.076923 0.280899
0.564103 0.076923 0.307777
0.589744 0.076923 0.335908
0.615385 0.076923 0.365290
0.641026 0.076923 0.395925
0.666667 0.076923 0.427811
0.692308 0.076923 0.460950
0.717949 0.076923 0.495340
0.743590 0.076923 0.530982
0.769231 0.076923 0.567876
0.794872 0.076923 0.606021
0.820513 0.076923 0.645418
0.846154 0.076923 0.686066
0.871795 0.076923 0.727965
0.897436 0.076923 0.771115
0.923077 0.076923 0.815516
0.948718 0.076923 0.861168
0.974359 0.076923 0.908070
1.000000 0.076923 0.956222

0 0.102564 0.010000
0.025641 0.102564 0.010588
0.051282 0.102564 0.012427
0.076923 0.102564 0.015516
0.102564 0.102564 0.019856
0.128205 0.102564 0.025447
0.153846 0.102564 0.032288
0.179487 0.102564 0.040382
0.205128 0.102564 0.049726
0.230769 0.102564 0.060322
0.256410 0.102564 0.072170
0.282051 0.102564 0.085271
0.307692 0.102564 0.099623
0.333333 0.102564 0.115228
0.358974 0.102564 0.132085
0.384615 0.102564 0.150194
0.410256 0.102564 0.169557
0.435897 0.102564 0.190172
0.461538 0.102564 0.212040
0.487179 0.102564 0.235160
0.512821 0.102564 0.259534
0.538462 0.102564 0.285160
0.564103 0.102564 0.312040
0.589744 0.102564 0.340172
0.615385 0.102564 0.369557
0.641026 0.102564 0.400194
0.666667 0.102564 0.432085
0.692308 0.102564 0.465228
0.717949 0.102564 0.499623
0.743590 0.102564 0.535271
0.769231 0.102564 0.572170
0.794872 0.102564 0.610322
0.820513 0.102564 0.649726
0.846154 0.102564 0.690381
0.871795 0.102564 0.732288
0.897436 0.102564 0.775447
0.923077 0.102564 0.819856
0.948718 0.102564 0.865516
0.974359 0.102564 0.912427
1.000000 0.102564 0.960588

0 0.128205 0.015625
0.025641 0.128205 0.016205
0.051282 0.128205 0.018035
0.076923 0.128205 0.021115
0.102564 0.128205 0.025447
0.128205 0.128205 0.031029
0.153846 0.128205 0.037863
0.179487 0.128205 0.045948
0.205128 0.128205 0.055286
0.230769 0.128205 0.065875
0.256410 0.128205 0.077717
0.282051 0.128205 0.090811
0.307692 0.128205 0.105158
0.333333 0.128205 0.120758
0.358974 0.128205 0.137611
0.384615 0.128205 0.155717
0.410256 0.128205 0.175076
0.435897 0.128205 0.195689
0.461538 0.128205 0.217555
0.487179 0.128205 0.240675
0.512821 0.128205 0.265048
0.538462 0.128205 0.290675
0.564103 0.128205 0.317555
0.589744 0.128205 0.345689
0.615385 0.128205 0.375076
0.641026 0.128205 0.405717
0.666667 0.128205 0.437611
0.692308 0.128205 0.470758
0.717949 0.128205 0.505158
0.743590 0.128205 0.540811
0.769231 0.128205 0.577717
0.794872 0.128205 0.615875
0.820513 0.128205 0.655286
0.846154 0.128205 0.695948
0.871795 0.128205 0.737863
0.897436 0.128205 0.781029
0.923077 0.128205 0.825447
0.948718 0.128205 0.871115
0.974359 0.128205 0.918035
1.000000 0.128205 0.966205

0 0.153846 0.022500
0.025641 0.153846 0.023071
0.051282 0.153846 0.024893
0.076923 0.153846 0.027965
0.102564 0.153846 0.032288
0.128205 0.153846 0.037863
0.153846 0.153846 0.044689
0.179487 0.153846 0.052767
0.205128 0.153846 0.062098
0.230769 0.153846 0.072680
0.256410 0.153846 0.084516
0.282051 0.153846 0.097604
0.307692 0.153846 0.111946
0.333333 0.153846 0.127541
0.358974 0.153846 0.144390
0.384615 0.153846 0.162492
0.410256 0.153846 0.181849
0.435897 0.153846 0.202459
0.461538 0.153846 0.224324
0.487179 0.153846 0.247442
0.512821 0.153846 0.271815
0.538462 0.153846 0.297442
0.564103 0.153846 0.324324
0.589744 0.153846 0.352459
0.615385 0.153846 0.381849
0.641026 0.153846 0.412492
0.666667 0.153846 0.444390
0.692308 0.153846 0.477541
0.717949 0.153846 0.511946
0.743590 0.153846 0.547604
0.769231 0.153846 0.584516
0.794872 0.153846 0.622680
0.820513 0.153846 0.662098
0.846154 0.153846 0.702767
0.871795 0.153846 0.744689
0.897436 0.153846 0.787863
0.923077 0.153846 0.832288
0.948718 0.153846 0.877965
0.974359 0.153846 0.924893
1.000000 0.153846 0.973071

0 0.179487 0.030625
0.025641 0.179487 0.031188
0.051282 0.179487 0.033002
0.076923 0.179487 0.036066
0.102564 0.179487 0.040382
0.128205 0.179487 0.045948
0.153846 0.179487 0.052767
0.179487 0.179487 0.060838
0.205128 0.179487 0.070162
0.230769 0.179487 0.080738
0.256410 0.179487 0.092568
0.282051 0.179487 0.105651
0.307692 0.179487 0.119988
0.333333 0.179487 0.135578
0.358974 0.179487 0.152423
0.384615 0.179487 0.170522
0.410256 0.179487 0.189876
0.435897 0.179487 0.210484
0.461538 0.179487 0.232347
0.487179 0.179487 0.255464
0.512821 0.179487 0.279837
0.538462 0.179487 0.305464
0.564103 0.179487 0.332347
0.589744 0.179487 0.360484
0.615385 0.179487 0.389876
0.641026 0.179487 0.420522
0.666667 0.179487 0.452423
0.692308 0.179487 0.485578
0.717949 0.179487 0.519987
0.743590 0.179487 0.555651
0.769231 0.179487 0.592568
0.794872 0.179487 0.630738
0.820513 0.179487 0.670162
0.846154 0.179487 0.710838
0.871795 0.179487 0.752767
0.897436 0.179487 0.795948
0.923077 0.179487 0.840381
0.948718 0.179487 0.886066
0.974359 0.179487 0.933002
1.000000 0.179487 0.981188

0 0.205128 0.040000
0.025641 0.205128 0.040555
0.051282 0.205128 0.042361
0.076923 0.205128 0.045418
0.102564 0.205128 0.049726
0.128205 0.205128 0.055286
0.153846 0.205128 0.062098
0.179487 0.205128 0.070162
0.205128 0.205128 0.079479
0.230769 0.205128 0.090049
0.256410 0.205128 0.101873
0.282051 0.205128 0.114951
0.307692 0.205128 0.129283
0.333333 0.205128 0.144869
0.358974 0.205128 0.161710
0.384615 0.205128 0.179806
0.410256 0.205128 0.199157
0.435897 0.205128 0.219763
0.461538 0.205128 0.241624
0.487179 0.205128 0.264741
0.512821 0.205128 0.289114
0.538462 0.205128 0.314741
0.564103 0.205128 0.341624
0.589744 0.205128 0.369763
0.615385 0.205128 0.399157
0.641026 0.205128 0.429806
0.666667 0.205128 0.461710
0.692308 0.205128 0.494869
0.717949 0.205128 0.529283
0.743590 0.205128 0.564951
0.769231 0.205128 0.601873
0.794872 0.205128 0.640049
0.820513 0.205128 0.679479
0.846154 0.205128 0.720162
0.871795 0.205128 0.762098
0.897436 0.205128 0.805286
0.923077 0.205128 0.849726
0.948718 0.205128 0.895418
0.974359 0.205128 0.942361
1.000000 0.205128 0.990555

0 0.230769 0.050625
0.025641 0.230769 0.051173
0.051282 0.230769 0.052972
0.076923 0.230769 0.056021
0.102564 0.230769 0.060322
0.128205 0.230769 0.065875
0.153846 0.230769 0.072680
0.179487 0.230769 0.080738
0.205128 0.230769 0.090049
0.230769 0.230769 0.100614
0.256410 0.230769 0.112432
0.282051 0.230769 0.125505
0.307692 0.230769 0.139833
0.333333 0.230769 0.155415
0.358974 0.230769 0.172252
0.384615 0.230769 0.190345
0.410256 0.230769 0.209693
0.435897 0.230769 0.230298
0.461538 0.230769 0.252158
0.487179 0.230769 0.275274
0.512821 0.230769 0.299646
0.538462 0.230769 0.325274
0.564103 0.230769 0.352158
0.589744 0.230769 0.380298
0.615385 0.230769 0.409693
0.641026 0.230769 0.440345
0.666667 0.230769 0.472252
0.692308 0.230769 0.505415
0.717949 0.230769 0.539833
0.743590 0.230769 0.575505
0.769231 0.230769 0.612432
0.794872 0.230769 0.650614
0.820513 0.230769 0.690049
0.846154 0.230769 0.730738
0.871795 0.230769 0.772680
0.897436 0.230769 0.815875
0.923077 0.230769 0.860322
0.948718 0.230769 0.906021
0.974359 0.230769 0.952972
1.000000 0.230769 1.001173

0 0.256410 0.062500
0.025641 0.256410 0.063041
0.051282 0.256410 0.064833
0.076923 0.256410 0.067876
0.102564 0.256410 0.072170
0.128205 0.256410 0.077717
0.153846 0.256410 0.084516
0.179487 0.256410 0.092568
0.205128 0.256410 0.101873
0.230769 0.256410 0.112432
0.256410 0.256410 0.124246
0.282051 0.256410 0.137314
0.307692 0.256410 0.151637
0.333333 0.256410 0.167216
0.358974 0.256410 0.184050
0.384615 0.256410 0.202140
0.410256 0.256410 0.221486
0.435897 0.256410 0.242088
0.461538 0.256410 0.263947
0.487179 0.256410 0.287062
0.512821 0.256410 0.311434
0.538462 0.256410 0.337062
0.564103 0.256410 0.363947
0.589744 0.256410 0.392088
0.615385 0.256410 0.421486
0.641026 0.256410 0.452140
0.666667 0.256410 0.484050
0.692308 0.256410 0.517216
0.717949 0.256410 0.551637
0.743590 0.256410 0.587314
0.769231 0.256410 0.624246
0.794872 0.256410 0.662432
0.820513 0.256410 0.701873
0.846154 0.256410 0.742568
0.871795 0.256410 0.784516
0.897436 0.256410 0.827717
0.923077 0.256410 0.872170
0.948718 0.256410 0.917876
0.974359 0.256410 0.964833
1.000000 0.256410 1.013041

0 0.282051 0.075625
0.025641 0.282051 0.076160
0.051282 0.282051 0.077946
0.076923 0.282051 0.080982
0.102564 0.282051 0.085271
0.128205 0.282051 0.090811
0.153846 0.282051 0.097604
0.179487 0.282051 0.105651
0.205128 0.282051 0.114951
0.230769 0.282051 0.125505
0.256410 0.282051 0.137314
0.282051 0.282051 0.150378
0.307692 0.282051 0.164697
0.333333 0.282051 0.180272
0.358974 0.282051 0.197103
0.384615 0.282051 0.215190
0.410256 0.282051 0.234534
0.435897 0.282051 0.255135
0.461538 0.282051 0.276992
0.487179 0.282051 0.300107
0.512821 0.282051 0.324478
0.538462 0.282051 0.350107
0.564103 0.282051 0.376992
0.589744 0.282051 0.405135
0.615385 0.282051 0.434534
0.641026 0.282051 0.465190
0.666667 0.282051 0.497103
0.692308 0.282051 0.530272
0.717949 0.282051 0.564697
0.743590 0.282051 0.600378
0.769231 0.282051 0.637314
0.794872 0.282051 0.675505
0.820513 0.282051 0.714951
0.846154 0.282051 0.755651
0.871795 0.282051 0.797604
0.897436 0.282051 0.840811
0.923077 0.282051 0.885271
0.948718 0.282051 0.930982
0.974359 0.282051 0.977946
1.000000 0.282051 1.026160

0 0.307692 0.090000
0.025641 0.307692 0.090529
0.051282 0.307692 0.092309
0.076923 0.307692 0.095340
0.102564 0.307692 0.099623
0.128205 0.307692 0.105158
0.153846 0.307692 0.111946
0.179487 0.307692 0.119988
0.205128 0.307692 0.129283
0.230769 0.307692 0.139833
0.256410 0.307692 0.151637
0.282051 0.307692 0.164697
0.307692 0.307692 0.179013
0.333333 0.307692 0.194585
0.358974 0.307692 0.211413
0.384615 0.307692 0.229498
0.410256 0.307692 0.248840
0.435897 0.307692 0.269439
0.461538 0.307692 0.291295
0.487179 0.307692 0.314409
0.512821 0.307692 0.338780
0.538462 0.307692 0.364409
0.564103 0.307692 0.391295
0.589744 0.307692 0.419439
0.615385 0.307692 0.448840
0.641026 0.307692 0.479498
0.666667 0.307692 0.511413
0.692308 0.307692 0.544585
0.717949 0.307692 0.579013
0.743590 0.307692 0.614697
0.769231 0.307692 0.651637
0.794872 0.307692 0.689833
0.820513 0.307692 0.729283
0.846154 0.307692 0.769987
0.871795 0.307692 0.811946
0.897436 0.307692 0.855158
0.923077 0.307692 0.899623
0.948718 0.307692 0.945340
0.974359 0.307692 0.992309
1.000000 0.307692 1.040529

0 0.333333 0.105625
0.025641 0.333333 0.106149
0.051282 0.333333 0.107924
0.076923 0.333333 0.110950
0.102564 0.333333 0.115228
0.128205 0.333333 0.120758
0.153846 0.333333 0.127541
0.179487 0.333333 0.135578
0.205128 0.333333 0.144869
0.230769 0.333333 0.155415
0.256410 0.333333 0.167216
0.282051 0.333333 0.180272
0.307692 0.333333 0.194585
0.333333 0.333333 0.210154
0.358974 0.333333 0.226979
0.384615 0.333333 0.245062
0.410256 0.333333 0.264402
0.435897 0.333333 0.285000
0.461538 0.333333 0.306855
0.487179 0.333333 0.329968
0.512821 0.333333 0.354339
0.538462 0.333333 0.379968
0.564103 0.333333 0.406855
0.589744 0.333333 0.435000
0.615385 0.333333 0.464402
0.641026 0.333333 0.495062
0.666667 0.333333 0.526979
0.692308 0.333333 0.560154
0.717949 0.333333 0.594585
0.743590 0.333333 0.630272
0.769231 0.333333 0.667216
0.794872 0.333333 0.705415
0.820513 0.333333 0.744869
0.846154 0.333333 0.785578
0.871795 0.333333 0.827541
0.897436 0.333333 0.870758
0.923077 0.333333 0.915228
0.948718 0.333333 0.960950
0.974359 0.333333 1.007924
1.000000 0.333333 1.056149

0 0.358974 0.122500
0.025641 0.358974 0.123020
0.051282 0.358974 0.124790
0.076923 0.358974 0.127811
0.102564 0.358974 0.132085
0.128205 0.358974 0.137611
0.153846 0.358974 0.144390
0.179487 0.358974 0.152423
0.205128 0.358974 0.161710
0.230769 0.358974 0.172252
0.256410 0.358974 0.184050
0.282051 0.358974 0.197103
0.307692 0.358974 0.211413
0.333333 0.358974 0.226979
0.358974 0.358974 0.243803
0.384615 0.358974 0.261884
0.410256 0.358974 0.281222
0.435897 0.358974 0.301818
0.461538 0.358974 0.323673
0.487179 0.358974 0.346785
0.512821 0.358974 0.371156
0.538462 0.358974 0.396785
0.564103 0.358974 0.423673
0.589744 0.358974 0.451818
0.615385 0.358974 0.481222
0.641026 0.358974 0.511883
0.666667 0.358974 0.543803
0.692308 0.358974 0.576979
0.717949 0.358974 0.611413
0.743590 0.358974 0.647103
0.769231 0.358974 0.684050
0.794872 0.358974 0.722252
0.820513 0.358974 0.761710
0.846154 0.358974 0.802423
0.871795 0.358974 0.844390
0.897436 0.358974 0.887611
0.923077 0.358974 0.932085
0.948718 0.358974 0.977811
0.974359 0.358974 1.024790
1.000000 0.358974 1.073020

0 0.384615 0.140625
0.025641 0.384615 0.141141
0.051282 0.384615 0.142907
0.076923 0.384615 0.145925
0.102564 0.384615 0.150194
0.128205 0.384615 0.155717
0.153846 0.384615 0.162492
0.179487 0.384615 0.170522
0.205128 0.384615 0.179806
0.230769 0.384615 0.190345
0.256410 0.384615 0.202140
0.282051 0.384615 0.215190
0.307692 0.384615 0.229498
0.333333 0.384615 0.245062
0.358974 0.384615 0.261884
0.384615 0.384615 0.279963
0.410256 0.384615 0.299300
0.435897 0.384615 0.319895
0.461538 0.384615 0.341749
0.487179 0.384615 0.364861
0.512821 0.384615 0.389232
0.538462 0.384615 0.414861
0.564103 0.384615 0.441749
0.589744 0.384615 0.469895
0.615385 0.384615 0.499300
0.641026 0.384615 0.529963
0.666667 0.384615 0.561883
0.692308 0.384615 0.595062
0.717949 0.384615 0.629498
0.743590 0.384615 0.665190
0.769231 0.384615 0.702140
0.794872 0.384615 0.740345
0.820513 0.384615 0.779806
0.846154 0.384615 0.820522
0.871795 0.384615 0.862492
0.897436 0.384615 0.905717
0.923077 0.384615 0.950194
0.948718 0.384615 0.995925
0.974359 0.384615 1.042907
1.000000 0.384615 1.091141

0 0.410256 0.160000
0.025641 0.410256 0.160512
0.051282 0.410256 0.162276
0.076923 0.410256 0.165290
0.102564 0.410256 0.169557
0.128205 0.410256 0.175076
0.153846 0.410256 0.181849
0.179487 0.410256 0.189876
0.205128 0.410256 0.199157
0.230769 0.410256 0.209693
0.256410 0.410256 0.221486
0.282051 0.410256 0.234534
0.307692 0.410256 0.248840
0.333333 0.410256 0.264402
0.358974 0.410256 0.281222
0.384615 0.410256 0.299300
0.410256 0.410256 0.318636
0.435897 0.410256 0.339230
0.461538 0.410256 0.361083
0.487179 0.410256 0.384195
0.512821 0.410256 0.408566
0.538462 0.410256 0.434195
0.564103 0.410256 0.461083
0.589744 0.410256 0.489230
0.615385 0.410256 0.518636
0.641026 0.410256 0.549300
0.666667 0.410256 0.581222
0.692308 0.410256 0.614402
0.717949 0.410256 0.648840
0.743590 0.410256 0.684534
0.769231 0.410256 0.721486
0.794872 0.410256 0.759693
0.820513 0.410256 0.799157
0.846154 0.410256 0.839876
0.871795 0.410256 0.881849
0.897436 0.410256 0.925076
0.923077 0.410256 0.969557
0.948718 0.410256 1.015290
0.974359 0.410256 1.062276
1.000000 0.410256 1.110512

0 0.435897 0.180625
0.025641 0.435897 0.181135
0.051282 0.435897 0.182896
0.076923 0.435897 0.185908
0.102564 0.435897 0.190172
0.128205 0.435897 0.195689
0.153846 0.435897 0.202459
0.179487 0.435897 0.210484
0.205128 0.435897 0.219763
0.230769 0.435897 0.230298
0.256410 0.435897 0.242088
0.282051 0.435897 0.255135
0.307692 0.435897 0.269439
0.333333 0.435897 0.285000
0.358974 0.435897 0.301818
0.384615 0.435897 0.319895
0.410256 0.435897 0.339230
0.435897 0.435897 0.359824
0.461538 0.435897 0.381677
0.487179 0.435897 0.404788
0.512821 0.435897 0.429158
0.538462 0.435897 0.454788
0.564103 0.435897 0.481677
0.589744 0.435897 0.509824
0.615385 0.435897 0.539230
0.641026 0.435897 0.569895
0.666667 0.435897 0.601818
0.692308 0.435897 0.635000
0.717949 0.435897 0.669439
0.743590 0.435897 0.705135
0.769231 0.435897 0.742088
0.794872 0.435897 0.780298
0.820513 0.435897 0.819763
0.846154 0.435897 0.860484
0.871795 0.435897 0.902459
0.897436 0.435897 0.945689
0.923077 0.435897 0.990172
0.948718 0.435897 1.035908
0.974359 0.435897 1.082896
1.000000 0.435897 1.131135

0 0.461538 0.202500
0.025641 0.461538 0.203008
0.051282 0.461538 0.204767
0.076923 0.461538 0.207777
0.102564 0.461538 0.212040
0.128205 0.461538 0.217555
0.153846 0.461538 0.224324
0.179487 0.461538 0.232347
0.205128 0.461538 0.241624
0.230769 0.461538 0.252158
0.256410 0.461538 0.263947
0.282051 0.461538 0.276992
0.307692 0.461538 0.291295
0.333333 0.461538 0.306855
0.358974 0.461538 0.323673
0.384615 0.461538 0.341749
0.410256 0.461538 0.361083
0.435897 0.461538 0.381677
0.461538 0.461538 0.403529
0.487179 0.461538 0.426640
0.512821 0.461538 0.451010
0.538462 0.461538 0.476640
0.564103 0.461538 0.503529
0.589744 0.461538 0.531677
0.615385 0.461538 0.561083
0.641026 0.461538 0.591749
0.666667 0.461538 0.623673
0.692308 0.461538 0.656855
0.717949 0.461538 0.691295
0.743590 0.461538 0.726992
0.769231 0.461538 0.763947
0.794872 0.461538 0.802158
0.820513 0.461538 0.841624
0.846154 0.461538 0.882347
0.871795 0.461538 0.924324
0.897436 0.461538 0.967555
0.923077 0.461538 1.012040
0.948718 0.461538 1.057777
0.974359 0.461538 1.104767
1.000000 0.461538 1.153008

0 0.487179 0.225625
0.025641 0.487179 0.226132
0.051282 0.487179 0.227890
0.076923 0.487179 0.230899
0.102564 0.487179 0.235160
0.128205 0.487179 0.240675
0.153846 0.487179 0.247442
0.179487 0.487179 0.255464
0.205128 0.487179 0.264741
0.230769 0.487179 0.275274
0.256410 0.487179 0.287062
0.282051 0.487179 0.300107
0.307692 0.487179 0.314409
0.333333 0.487179 0.329968
0.358974 0.487179 0.346785
0.384615 0.487179 0.364861
0.410256 0.487179 0.384195
0.435897 0.487179 0.404788
0.461538 0.487179 0.426640
0.487179 0.487179 0.449751
0.512821 0.487179 0.474121
0.538462 0.487179 0.499751
0.564103 0.487179 0.526640
0.589744 0.487179 0.554788
0.615385 0.487179 0.584195
0.641026 0.487179 0.614861
0.666667 0.487179 0.646785
0.692308 0.487179 0.679968
0.717949 0.487179 0.714409
0.743590 0.487179 0.750107
0.769231 0.487179 0.787062
0.794872 0.487179 0.825273
0.820513 0.487179 0.864741
0.846154 0.487179 0.905464
0.871795 0.487179 0.947442
0.897436 0.487179 0.990675
0.923077 0.487179 1.035160
0.948718 0.487179 1.080899
0.974359 0.487179 1.127890
1.000000 0.487179 1.176132

0 0.512821 0.250000
0.025641 0.512821 0.250507
0.051282 0.512821 0.252264
0.076923 0.512821 0.255273
0.102564 0.512821 0.259534
0.128205 0.512821 0.265048
0.153846 0.512821 0.271815
0.179487 0.512821 0.279837
0.205128 0.512821 0.289114
0.230769 0.512821 0.299646
0.256410 0.512821 0.311434
0.282051 0.512821 0.324478
0.307692 0.512821 0.338780
0.333333 0.512821 0.354339
0.358974 0.512821 0.371156
0.384615 0.512821 0.389232
0.410256 0.512821 0.408566
0.435897 0.512821 0.429158
0.461538 0.512821 0.451010
0.487179 0.512821 0.474121
0.512821 0.512821 0.498492
0.538462 0.512821 0.524121
0.564103 0.512821 0.551010
0.589744 0.512821 0.579158
0.615385 0.512821 0.608566
0.641026 0.512821 0.639232
0.666667 0.512821 0.671156
0.692308 0.512821 0.704339
0.717949 0.512821 0.738780
0.743590 0.512821 0.774478
0.769231 0.512821 0.811433
0.794872 0.512821 0.849645
0.820513 0.512821 0.889113
0.846154 0.512821 0.929837
0.871795 0.512821 0.971815
0.897436 0.512821 1.015048
0.923077 0.512821 1.059534
0.948718 0.512821 1.105273
0.974359 0.512821 1.152264
1.000000 0.512821 1.200507

0 0.538462 0.275625
0.025641 0.538462 0.276132
0.051282 0.538462 0.277890
0.076923 0.538462 0.280899
0.102564 0.538462 0.285160
0.128205 0.538462 0.290675
0.153846 0.538462 0.297442
0.179487 0.538462 0.305464
0.205128 0.538462 0.314741
0.230769 0.538462 0.325274
0.256410 0.538462 0.337062
0.282051 0.538462 0.350107
0.307692 0.538462 0.364409
0.333333 0.538462 0.379968
0.358974 0.538462 0.396785
0.384615 0.538462 0.414861
0.410256 0.538462 0.434195
0.435897 0.538462 0.454788
0.461538 0.538462 0.476640
0.487179 0.538462 0.499751
0.512821 0.538462 0.524121
0.538462 0.538462 0.549751
0.564103 0.538462 0.576640
0.589744 0.538462 0.604788
0.615385 0.538462 0.634195
0.641026 0.538462 0.664861
0.666667 0.538462 0.696785
0.692308 0.538462 0.729968
0.717949 0.538462 0.764409
0.743590 0.538462 0.800107
0.769231 0.538462 0.837062
0.794872 0.538462 0.875273
0.820513 0.538462 0.914741
0.846154 0.538462 0.955464
0.871795 0.538462 0.997442
0.897436 0.538462 1.040675
0.923077 0.538462 1.085160
0.948718 0.538462 1.130899
0.974359 0.538462 1.177890
1.000000 0.538462 1.226132

0 0.564103 0.302500
0.025641 0.564103 0.303008
0.051282 0.564103 0.304767
0.076923 0.564103 0.307777
0.102564 0.564103 0.312040
0.128205 0.564103 0.317555
0.153846 0.564103 0.324324
0.179487 0.564103 0.332347
0.205128 0.564103 0.341624
0.230769 0.564103 0.352158
0.256410 0.564103 0.363947
0.282051 0.564103 0.376992
0.307692 0.564103 0.391295
0.333333 0.564103 0.406855
0.358974 0.564103 0.423673
0.384615 0.564103 0.441749
0.410256 0.564103 0.461083
0.435897 0.564103 0.481677
0.461538 0.564103 0.503529
0.487179 0.564103 0.526640
0.512821 0.564103 0.551010
0.538462 0.564103 0.576640
0.564103 0.564103 0.603529
0.589744 0.564103 0.631676
0.615385 0.564103 0.661083
0.641026 0.564103 0.691749
0.666667 0.564103 0.723673
0.692308 0.564103 0.756855
0.717949 0.564103 0.791295
0.743590 0.564103 0.826992
0.769231 0.564103 0.863947
0.794872 0.564103 0.902158
0.820513 0.564103 0.941624
0.846154 0.564103 0.982347
0.871795 0.564103 1.024324
0.897436 0.564103 1.067555
0.923077 0.564103 1.112040
0.948718 0.564103 1.157777
0.974359 0.564103 1.204767
1.000000 0.564103 1.253008

0 0.589744 0.330625
0.025641 0.589744 0.331135
0.051282 0.589744 0.332896
0.076923 0.589744 0.335908
0.102564 0.589744 0.340172
0.128205 0.589744 0.345689
0.153846 0.589744 0.352459
0.179487 0.589744 0.360484
0.205128 0.589744 0.369763
0.230769 0.589744 0.380298
0.256410 0.589744 0.392088
0.282051 0.589744 0.405135
0.307692 0.589744 0.419439
0.333333 0.589744 0.435000
0.358974 0.589744 0.451818
0.384615 0.589744 0.469895
0.410256 0.589744 0.489230
0.435897 0.589744 0.509824
0.461538 0.589744 0.531677
0.487179 0.589744 0.554788
0.512821 0.589744 0.579158
0.538462 0.589744 0.604788
0.564103 0.589744 0.631676
0.589744 0.589744 0.659824
0.615385 0.589744 0.689230
0.641026 0.589744 0.719895
0.666667 0.589744 0.751818
0.692308 0.589744 0.785000
0.717949 0.589744 0.819438
0.743590 0.589744 0.855135
0.769231 0.589744 0.892088
0.794872 0.589744 0.930297
0.820513 0.589744 0.969763
0.846154 0.589744 1.010484
0.871795 0.589744 1.052459
0.897436 0.589744 1.095689
0.923077 0.589744 1.140172
0.948718 0.589744 1.185908
0.974359 0.589744 1.232896
1.000000 0.589744 1.281135

0 0.615385 0.360000
0.025641 0.615385 0.360512
0.051282 0.615385 0.362276
0.076923 0.615385 0.365290
0.102564 0.615385 0.369557
0.128205 0.615385 0.375076
0.153846 0.615385 0.381849
0.179487 0.615385 0.389876
0.205128 0.615385 0.399157
0.230769 0.615385 0.409693
0.256410 0.615385 0.421486
0.282051 0.615385 0.434534
0.307692 0.615385 0.448840
0.333333 0.615385 0.464402
0.358974 0.615385 0.481222
0.384615 0.615385 0.499300
0.410256 0.615385 0.518636
0.435897 0.615385 0.539230
0.461538 0.615385 0.561083
0.487179 0.615385 0.584195
0.512821 0.615385 0.608566
0.538462 0.615385 0.634195
0.564103 0.615385 0.661083
0.589744 0.615385 0.689230
0.615385 0.615385 0.718636
0.641026 0.615385 0.749300
0.666667 0.615385 0.781222
0.692308 0.615385 0.814402
0.717949 0.615385 0.848839
0.743590 0.615385 0.884534
0.769231 0.615385 0.921486
0.794872 0.615385 0.959693
0.820513 0.615385 0.999157
0.846154 0.615385 1.039875
0.871795 0.615385 1.081849
0.897436 0.615385 1.125076
0.923077 0.615385 1.169557
0.948718 0.615385 1.215290
0.974359 0.615385 1.262276
1.000000 0.615385 1.310512

0 0.641026 0.390625
0.025641 0.641026 0.391141
0.051282 0.641026 0.392907
0.076923 0.641026 0.395925
0.102564 0.641026 0.400194
0.128205 0.641026 0.405717
0.153846 0.641026 0.412492
0.179487 0.641026 0.420522
0.205128 0.641026 0.429806
0.230769 0.641026 0.440345
0.256410 0.641026 0.452140
0.282051 0.641026 0.465190
0.307692 0.641026 0.479498
0.333333 0.641026 0.495062
0.358974 0.641026 0.511883
0.384615 0.641026 0.529963
0.410256 0.641026 0.549300
0.435897 0.641026 0.569895
0.461538 0.641026 0.591749
0.487179 0.641026 0.614861
0.512821 0.641026 0.639232
0.538462 0.641026 0.664861
0.564103 0.641026 0.691749
0.589744 0.641026 0.719895
0.615385 0.641026 0.749300
0.641026 0.641026 0.779963
0.666667 0.641026 0.811883
0.692308 0.641026 0.845062
0.717949 0.641026 0.879498
0.743590 0.641026 0.915190
0.769231 0.641026 0.952140
0.794872 0.641026 0.990345
0.820513 0.641026 1.029806
0.846154 0.641026 1.070522
0.871795 0.641026 1.112492
0.897436 0.641026 1.155717
0.923077 0.641026 1.200194
0.948718 0.641026 1.245925
0.974359 0.641026 1.292907
1.000000 0.641026 1.341141

0 0.666667 0.422500
0.025641 0.666667 0.423020
0.051282 0.666667 0.424790
0.076923 0.666667 0.427811
0.102564 0.666667 0.432085
0.128205 0.666667 0.437611
0.153846 0.666667 0.444390
0.179487 0.666667 0.452423
0.205128 0.666667 0.461710
0.230769 0.666667 0.472252
0.256410 0.666667 0.484050
0.282051 0.666667 0.497103
0.307692 0.666667 0.511413
0.333333 0.666667 0.526979
0.358974 0.666667 0.543803
0.384615 0.666667 0.561883
0.410256 0.666667 0.581222
0.435897 0.666667 0.601818
0.461538 0.666667 0.623673
0.487179 0.666667 0.646785
0.512821 0.666667 0.671156
0.538462 0.666667 0.696785
0.564103 0.666667 0.723673
0.589744 0.666667 0.751818
0.615385 0.666667 0.781222
0.641026 0.666667 0.811883
0.666667 0.666667 0.843803
0.692308 0.666667 0.876979
0.717949 0.666667 0.911413
0.743590 0.666667 0.947103
0.769231 0.666667 0.984050
0.794872 0.666667 1.022252
0.820513 0.666667 1.061710
0.846154 0.666667 1.102423
0.871795 0.666667 1.144390
0.897436 0.666667 1.187611
0.923077 0.666667 1.232085
0.948718 0.666667 1.277811
0.974359 0.666667 1.324790
1.000000 0.666667 1.373020

0 0.692308 0.455625
0.025641 0.692308 0.456149
0.051282 0.692308 0.457924
0.076923 0.692308 0.460950
0.102564 0.692308 0.465228
0.128205 0.692308 0.470758
0.153846 0.692308 0.477541
0.179487 0.692308 0.485578
0.205128 0.692308 0.494869
0.230769 0.692308 0.505415
0.256410 0.692308 0.517216
0.282051 0.692308 0.530272
0.307692 0.692308 0.544585
0.333333 0.692308 0.560154
0.358974 0.692308 0.576979
0.384615 0.692308 0.595062
0.410256 0.692308 0.614402
0.435897 0.692308 0.635000
0.461538 0.692308 0.656855
0.487179 0.692308 0.679968
0.512821 0.692308 0.704339
0.538462 0.692308 0.729968
0.564103 0.692308 0.756855
0.589744 0.692308 0.785000
0.615385 0.692308 0.814402
0.641026 0.692308 0.845062
0.666667 0.692308 0.876979
0.692308 0.692308 0.910153
0.717949 0.692308 0.944585
0.743590 0.692308 0.980272
0.769231 0.692308 1.017216
0.794872 0.692308 1.055415
0.820513 0.692308 1.094869
0.846154 0.692308 1.135578
0.871795 0.692308 1.177541
0.897436 0.692308 1.220758
0.923077 0.692308 1.265228
0.948718 0.692308 1.310950
0.974359 0.692308 1.357924
1.000000 0.692308 1.406149

0 0.717949 0.490000
0.025641 0.717949 0.490529
0.051282 0.717949 0.492309
0.076923 0.717949 0.495340
0.102564 0.717949 0.499623
0.128205 0.717949 0.505158
0.153846 0.717949 0.511946
0.179487 0.717949 0.519987
0.205128 0.717949 0.529283
0.230769 0.717949 0.539833
0.256410 0.717949 0.551637
0.282051 0.717949 0.564697
0.307692 0.717949 0.579013
0.333333 0.717949 0.594585
0.358974 0.717949 0.611413
0.384615 0.717949 0.629498
0.410256 0.717949 0.648840
0.435897 0.717949 0.669439
0.461538 0.717949 0.691295
0.487179 0.717949 0.714409
0.512821 0.717949 0.738780
0.538462 0.717949 0.764409
0.564103 0.717949 0.791295
0.589744 0.717949 0.819438
0.615385 0.717949 0.848839
0.641026 0.717949 0.879498
0.666667 0.717949 0.911413
0.692308 0.717949 0.944585
0.717949 0.717949 0.979013
0.743590 0.717949 1.014697
0.769231 0.717949 1.051637
0.794872 0.717949 1.089833
0.820513 0.717949 1.129283
0.846154 0.717949 1.169987
0.871795 0.717949 1.211946
0.897436 0.717949 1.255158
0.923077 0.717949 1.299623
0.948718 0.717949 1.345340
0.974359 0.717949 1.392309
1.000000 0.717949 1.440529

0 0.743590 0.525625
0.025641 0.743590 0.526160
0.051282 0.743590 0.527946
0.076923 0.743590 0.530982
0.102564 0.743590 0.535271
0.128205 0.743590 0.540811
0.153846 0.743590 0.547604
0.179487 0.743590 0.555651
0.205128 0.743590 0.564951
0.230769 0.743590 0.575505
0.256410 0.743590 0.587314
0.282051 0.743590 0.600378
0.307692 0.743590 0.614697
0.333333 0.743590 0.630272
0.358974 0.743590 0.647103
0.384615 0.743590 0.665190
0.410256 0.743590 0.684534
0.435897 0.743590 0.705135
0.461538 0.743590 0.726992
0.487179 0.743590 0.750107
0.512821 0.743590 0.774478
0.538462 0.743590 0.800107
0.564103 0.743590 0.826992
0.589744 0.743590 0.855135
0.615385 0.743590 0.884534
0.641026 0.743590 0.915190
0.666667 0.743590 0.947103
0.692308 0.743590 0.980272
0.717949 0.743590 1.014697
0.743590 0.743590 1.050378
0.769231 0.743590 1.087314
0.794872 0.743590 1.125505
0.820513 0.743590 1.164951
0.846154 0.743590 1.205651
0.871795 0.743590 1.247604
0.897436 0.743590 1.290811
0.923077 0.743590 1.335271
0.948718 0.743590 1.380982
0.974359 0.743590 1.427946
1.000000 0.743590 1.476160

0 0.769231 0.562500
0.025641 0.769231 0.563041
0.051282 0.769231 0.564833
0.076923 0.769231 0.567876
0.102564 0.769231 0.572170
0.128205 0.769231 0.577717
0.153846 0.769231 0.584516
0.179487 0.769231 0.592568
0.205128 0.769231 0.601873
0.230769 0.769231 0.612432
0.256410 0.769231 0.624246
0.282051 0.769231 0.637314
0.307692 0.769231 0.651637
0.333333 0.769231 0.667216
0.358974 0.769231 0.684050
0.384615 0.769231 0.702140
0.410256 0.769231 0.721486
0.435897 0.769231 0.742088
0.461538 0.769231 0.763947
0.487179 0.769231 0.787062
0.512821 0.769231 0.811433
0.538462 0.769231 0.837062
0.564103 0.769231 0.863947
0.589744 0.769231 0.892088
0.615385 0.769231 0.921486
0.641026 0.769231 0.952140
0.666667 0.769231 0.984050
0.692308 0.769231 1.017216
0.717949 0.769231 1.051637
0.743590 0.769231 1.087314
0.769231 0.769231 1.124246
0.794872 0.769231 1.162432
0.820513 0.769231 1.201873
0.846154 0.769231 1.242568
0.871795 0.769231 1.284516
0.897436 0.769231 1.327717
0.923077 0.769231 1.372170
0.948718 0.769231 1.417876
0.974359 0.769231 1.464833
1.000000 0.769231 1.513041

0 0.794872 0.600625
0.025641 0.794872 0.601173
0.051282 0.794872 0.602972
0.076923 0.794872 0.606021
0.102564 0.794872 0.610322
0.128205 0.794872 0.615875
0.153846 0.794872 0.622680
0.179487 0.794872 0.630738
0.205128 0.794872 0.640049
0.230769 0.794872 0.650614
0.256410 0.794872 0.662432
0.282051 0.794872 0.675505
0.307692 0.794872 0.689833
0.333333 0.794872 0.705415
0.358974 0.794872 0.722252
0.384615 0.794872 0.740345
0.410256 0.794872 0.759693
0.435897 0.794872 0.780298
0.461538 0.794872 0.802158
0.487179 0.794872 0.825273
0.512821 0.794872 0.849645
0.538462 0.794872 0.875273
0.564103 0.794872 0.902158
0.589744 0.794872 0.930297
0.615385 0.794872 0.959693
0.641026 0.794872 0.990345
0.666667 0.794872 1.022252
0.692308 0.794872 1.055415
0.717949 0.794872 1.089833
0.743590 0.794872 1.125505
0.769231 0.794872 1.162432
0.794872 0.794872 1.200614
0.820513 0.794872 1.240049
0.846154 0.794872 1.280738
0.871795 0.794872 1.322680
0.897436 0.794872 1.365875
0.923077 0.794872 1.410322
0.948718 0.794872 1.456021
0.974359 0.794872 1.502972
1.000000 0.794872 1.551173

0 0.820513 0.640000
0.025641 0.820513 0.640555
0.051282 0.820513 0.642361
0.076923 0.820513 0.645418
0.102564 0.820513 0.649726
0.128205 0.820513 0.655286
0.153846 0.820513 0.662098
0.179487 0.820513 0.670162
0.205128 0.820513 0.679479
0.230769 0.820513 0.690049
0.256410 0.820513 0.701873
0.282051 0.820513 0.714951
0.307692 0.820513 0.729283
0.333333 0.820513 0.744869
0.358974 0.820513 0.761710
0.384615 0.820513 0.779806
0.410256 0.820513 0.799157
0.435897 0.820513 0.819763
0.461538 0.820513 0.841624
0.487179 0.820513 0.864741
0.512821 0.820513 0.889113
0.538462 0.820513 0.914741
0.564103 0.820513 0.941624
0.589744 0.820513 0.969763
0.615385 0.820513 0.999157
0.641026 0.820513 1.029806
0.666667 0.820513 1.061710
0.692308 0.820513 1.094869
0.717949 0.820513 1.129283
0.743590 0.820513 1.164951
0.769231 0.820513 1.201873
0.794872 0.820513 1.240049
0.820513 0.820513 1.279479
0.846154 0.820513 1.320162
0.871795 0.820513 1.362097
0.897436 0.820513 1.405286
0.923077 0.820513 1.449726
0.948718 0.820513 1.495418
0.974359 0.820513 1.542361
1.000000 0.820513 1.590555

0 0.846154 0.680625
0.025641 0.846154 0.681188
0.051282 0.846154 0.683002
0.076923 0.846154 0.686066
0.102564 0.846154 0.690381
0.128205 0.846154 0.695948
0.153846 0.846154 0.702767
0.179487 0.846154 0.710838
0.205128 0.846154 0.720162
0.230769 0.846154 0.730738
0.256410 0.846154 0.742568
0.282051 0.846154 0.755651
0.307692 0.846154 0.769987
0.333333 0.846154 0.785578
0.358974 0.846154 0.802423
0.384615 0.846154 0.820522
0.410256 0.846154 0.839876
0.435897 0.846154 0.860484
0.461538 0.846154 0.882347
0.487179 0.846154 0.905464
0.512821 0.846154 0.929837
0.538462 0.846154 0.955464
0.564103 0.846154 0.982347
0.589744 0.846154 1.010484
0.615385 0.846154 1.039875
0.641026 0.846154 1.070522
0.666667 0.846154 1.102423
0.692308 0.846154 1.135578
0.717949 0.846154 1.169987
0.743590 0.846154 1.205651
0.769231 0.846154 1.242568
0.794872 0.846154 1.280738
0.820513 0.846154 1.320162
0.846154 0.846154 1.360838
0.871795 0.846154 1.402767
0.897436 0.846154 1.445948
0.923077 0.846154 1.490381
0.948718 0.846154 1.536066
0.974359 0.846154 1.583002
1.000000 0.846154 1.631188

0 0.871795 0.722500
0.025641 0.871795 0.723071
0.051282 0.871795 0.724893
0.076923 0.871795 0.727965
0.102564 0.871795 0.732288
0.128205 0.871795 0.737863
0.153846 0.871795 0.744689
0.179487 0.871795 0.752767
0.205128 0.871795 0.762098
0.230769 0.871795 0.772680
0.256410 0.871795 0.784516
0.282051 0.871795 0.797604
0.307692 0.871795 0.811946
0.333333 0.871795 0.827541
0.358974 0.871795 0.844390
0.384615 0.871795 0.862492
0.410256 0.871795 0.881849
0.435897 0.871795 0.902459
0.461538 0.871795 0.924324
0.487179 0.871795 0.947442
0.512821 0.871795 0.971815
0.538462 0.871795 0.997442
0.564103 0.871795 1.024324
0.589744 0.871795 1.052459
0.615385 0.871795 1.081849
0.641026 0.871795 1.112492
0.666667 0.871795 1.144390
0.692308 0.871795 1.177541
0.717949 0.871795 1.211946
0.743590 0.871795 1.247604
0.769231 0.871795 1.284516
0.794872 0.871795 1.322680
0.820513 0.871795 1.362097
0.846154 0.871795 1.402767
0.871795 0.871795 1.444689
0.897436 0.871795 1.487863
0.923077 0.871795 1.532288
0.948718 0.871795 1.577965
0.974359 0.871795 1.624893
1.000000 0.871795 1.673071

0 0.897436 0.765625
0.025641 0.897436 0.766205
0.051282 0.897436 0.768035
0.076923 0.897436 0.771115
0.102564 0.897436 0.775447
0.128205 0.897436 0.781029
0.153846 0.897436 0.787863
0.179487 0.897436 0.795948
0.205128 0.897436 0.805286
0.230769 0.897436 0.815875
0.256410 0.897436 0.827717
0.282051 0.897436 0.840811
0.307692 0.897436 0.855158
0.333333 0.897436 0.870758
0.358974 0.897436 0.887611
0.384615 0.897436 0.905717
0.410256 0.897436 0.925076
0.435897 0.897436 0.945689
0.461538 0.897436 0.967555
0.487179 0.897436 0.990675
0.512821 0.897436 1.015048
0.538462 0.897436 1.040675
0.564103 0.897436 1.067555
0.589744 0.897436 1.095689
0.615385 0.897436 1.125076
0.641026 0.897436 1.155717
0.666667 0.897436 1.187611
0.692308 0.897436 1.220758
0.717949 0.897436 1.255158
0.743590 0.897436 1.290811
0.769231 0.897436 1.327717
0.794872 0.897436 1.365875
0.820513 0.897436 1.405286
0.846154 0.897436 1.445948
0.871795 0.897436 1.487863
0.897436 0.897436 1.531029
0.923077 0.897436 1.575447
0.948718 0.897436 1.621115
0.974359 0.897436 1.668035
1.000000 0.897436 1.716205

0 0.923077 0.810000
0.025641 0.923077 0.810588
0.051282 0.923077 0.812427
0.076923 0.923077 0.815516
0.102564 0.923077 0.819856
0.128205 0.923077 0.825447
0.153846 0.923077 0.832288
0.179487 0.923077 0.840381
0.205128 0.923077 0.849726
0.230769 0.923077 0.860322
0.256410 0.923077 0.872170
0.282051 0.923077 0.885271
0.307692 0.923077 0.899623
0.333333 0.923077 0.915228
0.358974 0.923077 0.932085
0.384615 0.923077 0.950194
0.410256 0.923077 0.969557
0.435897 0.923077 0.990172
0.461538 0.923077 1.012040
0.487179 0.923077 1.035160
0.512821 0.923077 1.059534
0.538462 0.923077 1.085160
0.564103 0.923077 1.112040
0.589744 0.923077 1.140172
0.615385 0.923077 1.169557
0.641026 0.923077 1.200194
0.666667 0.923077 1.232085
0.692308 0.923077 1.265228
0.717949 0.923077 1.299623
0.743590 0.923077 1.335271
0.769231 0.923077 1.372170
0.794872 0.923077 1.410322
0.820513 0.923077 1.449726
0.846154 0.923077 1.490381
0.871795 0.923077 1.532288
0.897436 0.923077 1.575447
0.923077 0.923077 1.619856
0.948718 0.923077 1.665516
0.974359 0.923077 1.712427
1.000000 0.923077 1.760588

0 0.948718 0.855625
0.025641 0.948718 0.856222
0.051282 0.948718 0.858070
0.076923 0.948718 0.861168
0.102564 0.948718 0.865516
0.128205 0.948718 0.871115
0.153846 0.948718 0.877965
0.179487 0.948718 0.886066
0.205128 0.948718 0.895418
0.230769 0.948718 0.906021
0.256410 0.948718 0.917876
0.282051 0.948718 0.930982
0.307692 0.948718 0.945340
0.333333 0.948718 0.960950
0.358974 0.948718 0.977811
0.384615 0.948718 0.995925
0.410256 0.948718 1.015290
0.435897 0.948718 1.035908
0.461538 0.948718 1.057777
0.487179 0.948718 1.080899
0.512821 0.948718 1.105273
0.538462 0.948718 1.130899
0.564103 0.948718 1.157777
0.589744 0.948718 1.185908
0.615385 0.948718 1.215290
0.641026 0.948718 1.245925
0.666667 0.948718 1.277811
0.692308 0.948718 1.310950
0.717949 0.948718 1.345340
0.743590 0.948718 1.380982
0.769231 0.948718 1.417876
0.794872 0.948718 1.456021
0.820513 0.948718 1.495418
0.846154 0.948718 1.536066
0.871795 0.948718 1.577965
0.897436 0.948718 1.621115
0.923077 0.948718 1.665516
0.948718 0.948718 1.711168
0.974359 0.948718 1.758070
1.000000 0.948718 1.806222

0 0.974359 0.902500
0.025641 0.974359 0.903106
0.051282 0.974359 0.904963
0.076923 0.974359 0.908070
0.102564 0.974359 0.912427
0.128205 0.974359 0.918035
0.153846 0.974359 0.924893
0.179487 0.974359 0.933002
0.205128 0.974359 0.942361
0.230769 0.974359 0.952972
0.256410 0.974359 0.964833
0.282051 0.974359 0.977946
0.307692 0.974359 0.992309
0.333333 0.974359 1.007924
0.358974 0.974359 1.024790
0.384615 0.974359 1.042907
0.410256 0.974359 1.062276
0.435897 0.974359 1.082896
0.461538 0.974359 1.104767
0.487179 0.974359 1.127890
0.512821 0.974359 1.152264
0.538462 0.974359 1.177890
0.564103 0.974359 1.204767
0.589744 0.974359 1.232896
0.615385 0.974359 1.262276
0.641026 0.974359 1.292907
0.666667 0.974359 1.324790
0.692308 0.974359 1.357924
0.717949 0.974359 1.392309
0.743590 0.974359 1.427946
0.769231 0.974359 1.464833
0.794872 0.974359 1.502972
0.820513 0.974359 1.542361
0.846154 0.974359 1.583002
0.871795 0.974359 1.624893
0.897436 0.974359 1.668035
0.923077 0.974359 1.712427
0.948718 0.974359 1.758070
0.974359 0.974359 1.804963
1.000000 0.974359 1.853106

0 1.000000 0.950625
0.025641 1.000000 0.951241
0.051282 1.000000 0.953106
0.076923 1.000000 0.956222
0.102564 1.000000 0.960588
0.128205 1.000000 0.966205
0.153846 1.000000 0.973071
0.179487 1.000000 0.981188
0.205128 1.000000 0.990555
0.230769 1.000000 1.001173
0.256410 1.000000 1.013041
0.282051 1.000000 1.026160
0.307692 1.000000 1.040529
0.333333 1.000000 1.056149
0.358974 1.000000 1.073020
0.384615 1.000000 1.091141
0.410256 1.000000 1.110512
0.435897 1.000000 1.131135
0.461538 1.000000 1.153008
0.487179 1.000000 1.176132
0.512821 1.000000 1.200507
0.538462 1.000000 1.226132
0.564103 1.000000 1.253008
0.589744 1.000000 1.281135
0.615385 1.000000 1.310512
0.641026 1.000000 1.341141
0.666667 1.000000 1.373020
0.692308 1.000000 1.406149
0.717949 1.000000 1.440529
0.743590 1.000000 1.476160
0.769231 1.000000 1.513041
0.794872 1.000000 1.551173
0.820513 1.000000 1.590555
0.846154 1.000000 1.631188
0.871795 1.000000 1.673071
0.897436 1.000000 1.716205
0.923077 1.000000 1.760588
0.948718 1.000000 1.806222
0.974359 1.000000 1.853106
1.000000 1.000000 1.901241

